300.000000	1.000273
301.000000	1.000273
302.000000	1.000273
303.000000	1.000273
304.000000	1.000273
305.000000	1.000273
306.000000	1.000273
307.000000	1.000273
308.000000	1.000273
309.000000	1.000273
310.000000	1.000273
311.000000	1.000273
312.000000	1.000273
313.000000	1.000273
314.000000	1.000273
315.000000	1.000273
316.000000	1.000273
317.000000	1.000273
318.000000	1.000273
319.000000	1.000273
320.000000	1.000273
321.000000	1.000273
322.000000	1.000273
323.000000	1.000273
324.000000	1.000273
325.000000	1.000273
326.000000	1.000273
327.000000	1.000273
328.000000	1.000273
329.000000	1.000273
330.000000	1.000273
331.000000	1.000273
332.000000	1.000273
333.000000	1.000273
334.000000	1.000273
335.000000	1.000273
336.000000	1.000273
337.000000	1.000273
338.000000	1.000273
339.000000	1.000273
340.000000	1.000273
341.000000	1.000273
342.000000	1.000273
343.000000	1.000273
344.000000	1.000273
345.000000	1.000273
346.000000	1.000273
347.000000	1.000273
348.000000	1.000273
349.000000	1.000273
350.000000	1.000273
351.000000	1.000273
352.000000	1.000273
353.000000	1.000273
354.000000	1.000273
355.000000	1.000273
356.000000	1.000273
357.000000	1.000273
358.000000	1.000273
359.000000	1.000273
360.000000	1.000273
361.000000	1.000273
362.000000	1.000273
363.000000	1.000273
364.000000	1.000273
365.000000	1.000273
366.000000	1.000273
367.000000	1.000273
368.000000	1.000273
369.000000	1.000273
370.000000	1.000273
371.000000	1.000273
372.000000	1.000273
373.000000	1.000273
374.000000	1.000273
375.000000	1.000273
376.000000	1.000273
377.000000	1.000273
378.000000	1.000273
379.000000	1.000273
380.000000	1.000273
381.000000	1.000273
382.000000	1.000273
383.000000	1.000273
384.000000	1.000273
385.000000	1.000273
386.000000	1.000273
387.000000	1.000273
388.000000	1.000273
389.000000	1.000273
390.000000	1.000273
391.000000	1.000273
392.000000	1.000273
393.000000	1.000273
394.000000	1.000273
395.000000	1.000273
396.000000	1.000273
397.000000	1.000273
398.000000	1.000273
399.000000	1.000273
400.000000	1.000273
401.000000	1.000273
402.000000	1.000273
403.000000	1.000273
404.000000	1.000273
405.000000	1.000273
406.000000	1.000273
407.000000	1.000273
408.000000	1.000273
409.000000	1.000273
410.000000	1.000273
411.000000	1.000273
412.000000	1.000273
413.000000	1.000273
414.000000	1.000273
415.000000	1.000273
416.000000	1.000273
417.000000	1.000273
418.000000	1.000273
419.000000	1.000273
420.000000	1.000273
421.000000	1.000273
422.000000	1.000273
423.000000	1.000273
424.000000	1.000273
425.000000	1.000273
426.000000	1.000273
427.000000	1.000273
428.000000	1.000273
429.000000	1.000273
430.000000	1.000273
431.000000	1.000273
432.000000	1.000273
433.000000	1.000273
434.000000	1.000273
435.000000	1.000273
436.000000	1.000273
437.000000	1.000273
438.000000	1.000273
439.000000	1.000273
440.000000	1.000273
441.000000	1.000273
442.000000	1.000273
443.000000	1.000273
444.000000	1.000273
445.000000	1.000273
446.000000	1.000273
447.000000	1.000273
448.000000	1.000273
449.000000	1.000273
450.000000	1.000273
451.000000	1.000273
452.000000	1.000273
453.000000	1.000273
454.000000	1.000273
455.000000	1.000273
456.000000	1.000273
457.000000	1.000273
458.000000	1.000273
459.000000	1.000273
460.000000	1.000273
461.000000	1.000273
462.000000	1.000273
463.000000	1.000273
464.000000	1.000273
465.000000	1.000273
466.000000	1.000273
467.000000	1.000273
468.000000	1.000273
469.000000	1.000273
470.000000	1.000273
471.000000	1.000273
472.000000	1.000273
473.000000	1.000273
474.000000	1.000273
475.000000	1.000273
476.000000	1.000273
477.000000	1.000273
478.000000	1.000273
479.000000	1.000273
480.000000	1.000273
481.000000	1.000273
482.000000	1.000273
483.000000	1.000273
484.000000	1.000273
485.000000	1.000273
486.000000	1.000273
487.000000	1.000273
488.000000	1.000273
489.000000	1.000273
490.000000	1.000273
491.000000	1.000273
492.000000	1.000273
493.000000	1.000273
494.000000	1.000273
495.000000	1.000273
496.000000	1.000273
497.000000	1.000273
498.000000	1.000273
499.000000	1.000273
500.000000	1.000273
501.000000	1.000273
502.000000	1.000273
503.000000	1.000273
504.000000	1.000273
505.000000	1.000273
506.000000	1.000273
507.000000	1.000273
508.000000	1.000273
509.000000	1.000273
510.000000	1.000273
511.000000	1.000273
512.000000	1.000273
513.000000	1.000273
514.000000	1.000273
515.000000	1.000273
516.000000	1.000273
517.000000	1.000273
518.000000	1.000273
519.000000	1.000273
520.000000	1.000273
521.000000	1.000273
522.000000	1.000273
523.000000	1.000273
524.000000	1.000273
525.000000	1.000273
526.000000	1.000273
527.000000	1.000273
528.000000	1.000273
529.000000	1.000273
530.000000	1.000273
531.000000	1.000273
532.000000	1.000273
533.000000	1.000273
534.000000	1.000273
535.000000	1.000273
536.000000	1.000273
537.000000	1.000273
538.000000	1.000273
539.000000	1.000273
540.000000	1.000273
541.000000	1.000273
542.000000	1.000273
543.000000	1.000273
544.000000	1.000273
545.000000	1.000273
546.000000	1.000273
547.000000	1.000273
548.000000	1.000273
549.000000	1.000273
550.000000	1.000273
551.000000	1.000273
552.000000	1.000273
553.000000	1.000273
554.000000	1.000273
555.000000	1.000273
556.000000	1.000273
557.000000	1.000273
558.000000	1.000273
559.000000	1.000273
560.000000	1.000273
561.000000	1.000273
562.000000	1.000273
563.000000	1.000273
564.000000	1.000273
565.000000	1.000273
566.000000	1.000273
567.000000	1.000273
568.000000	1.000273
569.000000	1.000273
570.000000	1.000273
571.000000	1.000273
572.000000	1.000273
573.000000	1.000273
574.000000	1.000273
575.000000	1.000273
576.000000	1.000273
577.000000	1.000273
578.000000	1.000273
579.000000	1.000273
580.000000	1.000273
581.000000	1.000273
582.000000	1.000273
583.000000	1.000273
584.000000	1.000273
585.000000	1.000273
586.000000	1.000273
587.000000	1.000273
588.000000	1.000273
589.000000	1.000273
590.000000	1.000273
591.000000	1.000273
592.000000	1.000273
593.000000	1.000273
594.000000	1.000273
595.000000	1.000273
596.000000	1.000273
597.000000	1.000273
598.000000	1.000273
599.000000	1.000273
600.000000	1.000273
601.000000	1.000273
602.000000	1.000273
603.000000	1.000273
604.000000	1.000273
605.000000	1.000273
606.000000	1.000273
607.000000	1.000273
608.000000	1.000273
609.000000	1.000273
610.000000	1.000273
611.000000	1.000273
612.000000	1.000273
613.000000	1.000273
614.000000	1.000273
615.000000	1.000273
616.000000	1.000273
617.000000	1.000273
618.000000	1.000273
619.000000	1.000273
620.000000	1.000273
621.000000	1.000273
622.000000	1.000273
623.000000	1.000273
624.000000	1.000273
625.000000	1.000273
626.000000	1.000273
627.000000	1.000273
628.000000	1.000273
629.000000	1.000273
630.000000	1.000273
631.000000	1.000273
632.000000	1.000273
633.000000	1.000273
634.000000	1.000273
635.000000	1.000273
636.000000	1.000273
637.000000	1.000273
638.000000	1.000273
639.000000	1.000273
640.000000	1.000273
641.000000	1.000273
642.000000	1.000273
643.000000	1.000273
644.000000	1.000273
645.000000	1.000273
646.000000	1.000273
647.000000	1.000273
648.000000	1.000273
649.000000	1.000273
650.000000	1.000273
651.000000	1.000273
652.000000	1.000273
653.000000	1.000273
654.000000	1.000273
655.000000	1.000273
656.000000	1.000273
657.000000	1.000273
658.000000	1.000273
659.000000	1.000273
660.000000	1.000273
661.000000	1.000273
662.000000	1.000273
663.000000	1.000273
664.000000	1.000273
665.000000	1.000273
666.000000	1.000273
667.000000	1.000273
668.000000	1.000273
669.000000	1.000273
670.000000	1.000273
671.000000	1.000273
672.000000	1.000273
673.000000	1.000273
674.000000	1.000273
675.000000	1.000273
676.000000	1.000273
677.000000	1.000273
678.000000	1.000273
679.000000	1.000273
680.000000	1.000273
681.000000	1.000273
682.000000	1.000273
683.000000	1.000273
684.000000	1.000273
685.000000	1.000273
686.000000	1.000273
687.000000	1.000273
688.000000	1.000273
689.000000	1.000273
690.000000	1.000273
691.000000	1.000273
692.000000	1.000273
693.000000	1.000273
694.000000	1.000273
695.000000	1.000273
696.000000	1.000273
697.000000	1.000273
698.000000	1.000273
699.000000	1.000273
700.000000	1.000273
701.000000	1.000273
702.000000	1.000273
703.000000	1.000273
704.000000	1.000273
705.000000	1.000273
706.000000	1.000273
707.000000	1.000273
708.000000	1.000273
709.000000	1.000273
710.000000	1.000273
711.000000	1.000273
712.000000	1.000273
713.000000	1.000273
714.000000	1.000273
715.000000	1.000273
716.000000	1.000273
717.000000	1.000273
718.000000	1.000273
719.000000	1.000273
720.000000	1.000273
721.000000	1.000273
722.000000	1.000273
723.000000	1.000273
724.000000	1.000273
725.000000	1.000273
726.000000	1.000273
727.000000	1.000273
728.000000	1.000273
729.000000	1.000273
730.000000	1.000273
731.000000	1.000273
732.000000	1.000273
733.000000	1.000273
734.000000	1.000273
735.000000	1.000273
736.000000	1.000273
737.000000	1.000273
738.000000	1.000273
739.000000	1.000273
740.000000	1.000273
741.000000	1.000273
742.000000	1.000273
743.000000	1.000273
744.000000	1.000273
745.000000	1.000273
746.000000	1.000273
747.000000	1.000273
748.000000	1.000273
749.000000	1.000273
750.000000	1.000273
751.000000	1.000273
752.000000	1.000273
753.000000	1.000273
754.000000	1.000273
755.000000	1.000273
756.000000	1.000273
757.000000	1.000273
758.000000	1.000273
759.000000	1.000273
760.000000	1.000273
761.000000	1.000273
762.000000	1.000273
763.000000	1.000273
764.000000	1.000273
765.000000	1.000273
766.000000	1.000273
767.000000	1.000273
768.000000	1.000273
769.000000	1.000273
770.000000	1.000273
771.000000	1.000273
772.000000	1.000273
773.000000	1.000273
774.000000	1.000273
775.000000	1.000273
776.000000	1.000273
777.000000	1.000273
778.000000	1.000273
779.000000	1.000273
780.000000	1.000273
781.000000	1.000273
782.000000	1.000273
783.000000	1.000273
784.000000	1.000273
785.000000	1.000273
786.000000	1.000273
787.000000	1.000273
788.000000	1.000273
789.000000	1.000273
790.000000	1.000273
791.000000	1.000273
792.000000	1.000273
793.000000	1.000273
794.000000	1.000273
795.000000	1.000273
796.000000	1.000273
797.000000	1.000273
798.000000	1.000273
799.000000	1.000273
800.000000	1.000273
801.000000	1.000273
802.000000	1.000273
803.000000	1.000273
804.000000	1.000273
805.000000	1.000273
806.000000	1.000273
807.000000	1.000273
808.000000	1.000273
809.000000	1.000273
810.000000	1.000273
811.000000	1.000273
812.000000	1.000273
813.000000	1.000273
814.000000	1.000273
815.000000	1.000273
816.000000	1.000273
817.000000	1.000273
818.000000	1.000273
819.000000	1.000273
820.000000	1.000273
821.000000	1.000273
822.000000	1.000273
823.000000	1.000273
824.000000	1.000273
825.000000	1.000273
826.000000	1.000273
827.000000	1.000273
828.000000	1.000273
829.000000	1.000273
830.000000	1.000273
831.000000	1.000273
832.000000	1.000273
833.000000	1.000273
834.000000	1.000273
835.000000	1.000273
836.000000	1.000273
837.000000	1.000273
838.000000	1.000273
839.000000	1.000273
840.000000	1.000273
841.000000	1.000273
842.000000	1.000273
843.000000	1.000273
844.000000	1.000273
845.000000	1.000273
846.000000	1.000273
847.000000	1.000273
848.000000	1.000273
849.000000	1.000273
850.000000	1.000273
