300.000000	1.359206
301.000000	1.358952
302.000000	1.358702
303.000000	1.358454
304.000000	1.358209
305.000000	1.357967
306.000000	1.357728
307.000000	1.357492
308.000000	1.357259
309.000000	1.357028
310.000000	1.356801
311.000000	1.356576
312.000000	1.356353
313.000000	1.356133
314.000000	1.355916
315.000000	1.355701
316.000000	1.355488
317.000000	1.355278
318.000000	1.355071
319.000000	1.354865
320.000000	1.354662
321.000000	1.354461
322.000000	1.354263
323.000000	1.354067
324.000000	1.353872
325.000000	1.353680
326.000000	1.353490
327.000000	1.353302
328.000000	1.353116
329.000000	1.352932
330.000000	1.352750
331.000000	1.352570
332.000000	1.352392
333.000000	1.352216
334.000000	1.352041
335.000000	1.351869
336.000000	1.351698
337.000000	1.351529
338.000000	1.351361
339.000000	1.351196
340.000000	1.351032
341.000000	1.350869
342.000000	1.350709
343.000000	1.350550
344.000000	1.350392
345.000000	1.350236
346.000000	1.350082
347.000000	1.349929
348.000000	1.349778
349.000000	1.349628
350.000000	1.349480
351.000000	1.349333
352.000000	1.349187
353.000000	1.349043
354.000000	1.348900
355.000000	1.348759
356.000000	1.348619
357.000000	1.348480
358.000000	1.348343
359.000000	1.348207
360.000000	1.348072
361.000000	1.347939
362.000000	1.347806
363.000000	1.347675
364.000000	1.347545
365.000000	1.347417
366.000000	1.347289
367.000000	1.347163
368.000000	1.347038
369.000000	1.346914
370.000000	1.346791
371.000000	1.346669
372.000000	1.346548
373.000000	1.346428
374.000000	1.346310
375.000000	1.346192
376.000000	1.346075
377.000000	1.345960
378.000000	1.345845
379.000000	1.345732
380.000000	1.345619
381.000000	1.345508
382.000000	1.345397
383.000000	1.345287
384.000000	1.345179
385.000000	1.345071
386.000000	1.344964
387.000000	1.344858
388.000000	1.344753
389.000000	1.344648
390.000000	1.344545
391.000000	1.344442
392.000000	1.344341
393.000000	1.344240
394.000000	1.344140
395.000000	1.344041
396.000000	1.343942
397.000000	1.343845
398.000000	1.343748
399.000000	1.343652
400.000000	1.343557
401.000000	1.343462
402.000000	1.343368
403.000000	1.343275
404.000000	1.343183
405.000000	1.343092
406.000000	1.343001
407.000000	1.342911
408.000000	1.342821
409.000000	1.342733
410.000000	1.342645
411.000000	1.342557
412.000000	1.342471
413.000000	1.342385
414.000000	1.342299
415.000000	1.342215
416.000000	1.342130
417.000000	1.342047
418.000000	1.341964
419.000000	1.341882
420.000000	1.341800
421.000000	1.341719
422.000000	1.341639
423.000000	1.341559
424.000000	1.341480
425.000000	1.341402
426.000000	1.341324
427.000000	1.341246
428.000000	1.341169
429.000000	1.341093
430.000000	1.341017
431.000000	1.340942
432.000000	1.340867
433.000000	1.340793
434.000000	1.340719
435.000000	1.340646
436.000000	1.340574
437.000000	1.340502
438.000000	1.340430
439.000000	1.340359
440.000000	1.340288
441.000000	1.340218
442.000000	1.340149
443.000000	1.340079
444.000000	1.340011
445.000000	1.339943
446.000000	1.339875
447.000000	1.339808
448.000000	1.339741
449.000000	1.339674
450.000000	1.339608
451.000000	1.339543
452.000000	1.339478
453.000000	1.339413
454.000000	1.339349
455.000000	1.339285
456.000000	1.339222
457.000000	1.339159
458.000000	1.339097
459.000000	1.339035
460.000000	1.338973
461.000000	1.338912
462.000000	1.338851
463.000000	1.338790
464.000000	1.338730
465.000000	1.338670
466.000000	1.338611
467.000000	1.338552
468.000000	1.338494
469.000000	1.338435
470.000000	1.338377
471.000000	1.338320
472.000000	1.338263
473.000000	1.338206
474.000000	1.338150
475.000000	1.338094
476.000000	1.338038
477.000000	1.337982
478.000000	1.337927
479.000000	1.337873
480.000000	1.337818
481.000000	1.337764
482.000000	1.337710
483.000000	1.337657
484.000000	1.337604
485.000000	1.337551
486.000000	1.337499
487.000000	1.337447
488.000000	1.337395
489.000000	1.337343
490.000000	1.337292
491.000000	1.337241
492.000000	1.337191
493.000000	1.337140
494.000000	1.337090
495.000000	1.337040
496.000000	1.336991
497.000000	1.336942
498.000000	1.336893
499.000000	1.336844
500.000000	1.336796
501.000000	1.336748
502.000000	1.336700
503.000000	1.336653
504.000000	1.336605
505.000000	1.336558
506.000000	1.336512
507.000000	1.336465
508.000000	1.336419
509.000000	1.336373
510.000000	1.336327
511.000000	1.336282
512.000000	1.336237
513.000000	1.336192
514.000000	1.336147
515.000000	1.336103
516.000000	1.336058
517.000000	1.336014
518.000000	1.335971
519.000000	1.335927
520.000000	1.335884
521.000000	1.335841
522.000000	1.335798
523.000000	1.335755
524.000000	1.335713
525.000000	1.335671
526.000000	1.335629
527.000000	1.335587
528.000000	1.335545
529.000000	1.335504
530.000000	1.335463
531.000000	1.335422
532.000000	1.335382
533.000000	1.335341
534.000000	1.335301
535.000000	1.335261
536.000000	1.335221
537.000000	1.335181
538.000000	1.335142
539.000000	1.335103
540.000000	1.335064
541.000000	1.335025
542.000000	1.334986
543.000000	1.334948
544.000000	1.334909
545.000000	1.334871
546.000000	1.334833
547.000000	1.334795
548.000000	1.334758
549.000000	1.334721
550.000000	1.334683
551.000000	1.334646
552.000000	1.334609
553.000000	1.334573
554.000000	1.334536
555.000000	1.334500
556.000000	1.334464
557.000000	1.334428
558.000000	1.334392
559.000000	1.334356
560.000000	1.334321
561.000000	1.334286
562.000000	1.334250
563.000000	1.334215
564.000000	1.334181
565.000000	1.334146
566.000000	1.334111
567.000000	1.334077
568.000000	1.334043
569.000000	1.334009
570.000000	1.333975
571.000000	1.333941
572.000000	1.333908
573.000000	1.333874
574.000000	1.333841
575.000000	1.333808
576.000000	1.333775
577.000000	1.333742
578.000000	1.333709
579.000000	1.333677
580.000000	1.333644
581.000000	1.333612
582.000000	1.333580
583.000000	1.333548
584.000000	1.333516
585.000000	1.333484
586.000000	1.333452
587.000000	1.333421
588.000000	1.333390
589.000000	1.333358
590.000000	1.333327
591.000000	1.333296
592.000000	1.333266
593.000000	1.333235
594.000000	1.333204
595.000000	1.333174
596.000000	1.333143
597.000000	1.333113
598.000000	1.333083
599.000000	1.333053
600.000000	1.333023
601.000000	1.332994
602.000000	1.332964
603.000000	1.332935
604.000000	1.332905
605.000000	1.332876
606.000000	1.332847
607.000000	1.332818
608.000000	1.332789
609.000000	1.332760
610.000000	1.332731
611.000000	1.332703
612.000000	1.332674
613.000000	1.332646
614.000000	1.332618
615.000000	1.332590
616.000000	1.332562
617.000000	1.332534
618.000000	1.332506
619.000000	1.332478
620.000000	1.332451
621.000000	1.332423
622.000000	1.332396
623.000000	1.332368
624.000000	1.332341
625.000000	1.332314
626.000000	1.332287
627.000000	1.332260
628.000000	1.332233
629.000000	1.332207
630.000000	1.332180
631.000000	1.332153
632.000000	1.332127
633.000000	1.332101
634.000000	1.332074
635.000000	1.332048
636.000000	1.332022
637.000000	1.331996
638.000000	1.331970
639.000000	1.331945
640.000000	1.331919
641.000000	1.331893
642.000000	1.331868
643.000000	1.331842
644.000000	1.331817
645.000000	1.331792
646.000000	1.331766
647.000000	1.331741
648.000000	1.331716
649.000000	1.331691
650.000000	1.331667
651.000000	1.331642
652.000000	1.331617
653.000000	1.331593
654.000000	1.331568
655.000000	1.331544
656.000000	1.331519
657.000000	1.331495
658.000000	1.331471
659.000000	1.331447
660.000000	1.331423
661.000000	1.331399
662.000000	1.331375
663.000000	1.331351
664.000000	1.331327
665.000000	1.331303
666.000000	1.331280
667.000000	1.331256
668.000000	1.331233
669.000000	1.331209
670.000000	1.331186
671.000000	1.331163
672.000000	1.331140
673.000000	1.331117
674.000000	1.331094
675.000000	1.331071
676.000000	1.331048
677.000000	1.331025
678.000000	1.331002
679.000000	1.330979
680.000000	1.330957
681.000000	1.330934
682.000000	1.330912
683.000000	1.330889
684.000000	1.330867
685.000000	1.330845
686.000000	1.330822
687.000000	1.330800
688.000000	1.330778
689.000000	1.330756
690.000000	1.330734
691.000000	1.330712
692.000000	1.330690
693.000000	1.330669
694.000000	1.330647
695.000000	1.330625
696.000000	1.330604
697.000000	1.330582
698.000000	1.330560
699.000000	1.330539
700.000000	1.330518
701.000000	1.330496
702.000000	1.330475
703.000000	1.330454
704.000000	1.330433
705.000000	1.330411
706.000000	1.330390
707.000000	1.330369
708.000000	1.330348
709.000000	1.330328
710.000000	1.330307
711.000000	1.330286
712.000000	1.330265
713.000000	1.330245
714.000000	1.330224
715.000000	1.330203
716.000000	1.330183
717.000000	1.330162
718.000000	1.330142
719.000000	1.330122
720.000000	1.330101
721.000000	1.330081
722.000000	1.330061
723.000000	1.330041
724.000000	1.330020
725.000000	1.330000
726.000000	1.329980
727.000000	1.329960
728.000000	1.329940
729.000000	1.329920
730.000000	1.329901
731.000000	1.329881
732.000000	1.329861
733.000000	1.329841
734.000000	1.329822
735.000000	1.329802
736.000000	1.329782
737.000000	1.329763
738.000000	1.329743
739.000000	1.329724
740.000000	1.329705
741.000000	1.329685
742.000000	1.329666
743.000000	1.329647
744.000000	1.329627
745.000000	1.329608
746.000000	1.329589
747.000000	1.329570
748.000000	1.329551
749.000000	1.329532
750.000000	1.329513
751.000000	1.329494
752.000000	1.329475
753.000000	1.329456
754.000000	1.329437
755.000000	1.329419
756.000000	1.329400
757.000000	1.329381
758.000000	1.329362
759.000000	1.329344
760.000000	1.329325
761.000000	1.329307
762.000000	1.329288
763.000000	1.329270
764.000000	1.329251
765.000000	1.329233
766.000000	1.329214
767.000000	1.329196
768.000000	1.329178
769.000000	1.329159
770.000000	1.329141
771.000000	1.329123
772.000000	1.329105
773.000000	1.329087
774.000000	1.329069
775.000000	1.329050
776.000000	1.329032
777.000000	1.329014
778.000000	1.328996
779.000000	1.328979
780.000000	1.328961
781.000000	1.328943
782.000000	1.328925
783.000000	1.328907
784.000000	1.328889
785.000000	1.328872
786.000000	1.328854
787.000000	1.328836
788.000000	1.328818
789.000000	1.328801
790.000000	1.328783
791.000000	1.328766
792.000000	1.328748
793.000000	1.328731
794.000000	1.328713
795.000000	1.328696
796.000000	1.328678
797.000000	1.328661
798.000000	1.328643
799.000000	1.328626
800.000000	1.328609
801.000000	1.328592
802.000000	1.328574
803.000000	1.328557
804.000000	1.328540
805.000000	1.328523
806.000000	1.328505
807.000000	1.328488
808.000000	1.328471
809.000000	1.328454
810.000000	1.328437
811.000000	1.328420
812.000000	1.328403
813.000000	1.328386
814.000000	1.328369
815.000000	1.328352
816.000000	1.328335
817.000000	1.328318
818.000000	1.328302
819.000000	1.328285
820.000000	1.328268
821.000000	1.328251
822.000000	1.328234
823.000000	1.328218
824.000000	1.328201
825.000000	1.328184
826.000000	1.328168
827.000000	1.328151
828.000000	1.328134
829.000000	1.328118
830.000000	1.328101
831.000000	1.328085
832.000000	1.328068
833.000000	1.328052
834.000000	1.328035
835.000000	1.328019
836.000000	1.328002
837.000000	1.327986
838.000000	1.327969
839.000000	1.327953
840.000000	1.327937
841.000000	1.327920
842.000000	1.327904
843.000000	1.327888
844.000000	1.327871
845.000000	1.327855
846.000000	1.327839
847.000000	1.327823
848.000000	1.327806
849.000000	1.327790
850.000000	1.327774
