300.000000	1.507135
301.000000	1.506872
302.000000	1.506611
303.000000	1.506352
304.000000	1.506097
305.000000	1.505843
306.000000	1.505593
307.000000	1.505344
308.000000	1.505098
309.000000	1.504855
310.000000	1.504613
311.000000	1.504374
312.000000	1.504137
313.000000	1.503903
314.000000	1.503671
315.000000	1.503440
316.000000	1.503212
317.000000	1.502987
318.000000	1.502763
319.000000	1.502541
320.000000	1.502321
321.000000	1.502104
322.000000	1.501888
323.000000	1.501675
324.000000	1.501463
325.000000	1.501253
326.000000	1.501045
327.000000	1.500840
328.000000	1.500635
329.000000	1.500433
330.000000	1.500233
331.000000	1.500034
332.000000	1.499837
333.000000	1.499642
334.000000	1.499449
335.000000	1.499257
336.000000	1.499067
337.000000	1.498879
338.000000	1.498692
339.000000	1.498507
340.000000	1.498324
341.000000	1.498142
342.000000	1.497962
343.000000	1.497783
344.000000	1.497606
345.000000	1.497430
346.000000	1.497256
347.000000	1.497084
348.000000	1.496913
349.000000	1.496743
350.000000	1.496575
351.000000	1.496408
352.000000	1.496242
353.000000	1.496078
354.000000	1.495916
355.000000	1.495754
356.000000	1.495594
357.000000	1.495436
358.000000	1.495279
359.000000	1.495123
360.000000	1.494968
361.000000	1.494814
362.000000	1.494662
363.000000	1.494511
364.000000	1.494362
365.000000	1.494213
366.000000	1.494066
367.000000	1.493920
368.000000	1.493775
369.000000	1.493631
370.000000	1.493489
371.000000	1.493347
372.000000	1.493207
373.000000	1.493068
374.000000	1.492930
375.000000	1.492793
376.000000	1.492657
377.000000	1.492522
378.000000	1.492388
379.000000	1.492255
380.000000	1.492124
381.000000	1.491993
382.000000	1.491863
383.000000	1.491735
384.000000	1.491607
385.000000	1.491480
386.000000	1.491355
387.000000	1.491230
388.000000	1.491106
389.000000	1.490983
390.000000	1.490861
391.000000	1.490741
392.000000	1.490620
393.000000	1.490501
394.000000	1.490383
395.000000	1.490266
396.000000	1.490149
397.000000	1.490034
398.000000	1.489919
399.000000	1.489805
400.000000	1.489692
401.000000	1.489580
402.000000	1.489469
403.000000	1.489358
404.000000	1.489248
405.000000	1.489139
406.000000	1.489031
407.000000	1.488924
408.000000	1.488818
409.000000	1.488712
410.000000	1.488607
411.000000	1.488503
412.000000	1.488399
413.000000	1.488296
414.000000	1.488194
415.000000	1.488093
416.000000	1.487993
417.000000	1.487893
418.000000	1.487794
419.000000	1.487695
420.000000	1.487598
421.000000	1.487501
422.000000	1.487404
423.000000	1.487309
424.000000	1.487214
425.000000	1.487119
426.000000	1.487026
427.000000	1.486933
428.000000	1.486840
429.000000	1.486748
430.000000	1.486657
431.000000	1.486567
432.000000	1.486477
433.000000	1.486388
434.000000	1.486299
435.000000	1.486211
436.000000	1.486124
437.000000	1.486037
438.000000	1.485951
439.000000	1.485865
440.000000	1.485780
441.000000	1.485696
442.000000	1.485612
443.000000	1.485529
444.000000	1.485446
445.000000	1.485364
446.000000	1.485282
447.000000	1.485201
448.000000	1.485120
449.000000	1.485040
450.000000	1.484961
451.000000	1.484882
452.000000	1.484803
453.000000	1.484725
454.000000	1.484648
455.000000	1.484571
456.000000	1.484494
457.000000	1.484419
458.000000	1.484343
459.000000	1.484268
460.000000	1.484194
461.000000	1.484120
462.000000	1.484046
463.000000	1.483973
464.000000	1.483901
465.000000	1.483828
466.000000	1.483757
467.000000	1.483686
468.000000	1.483615
469.000000	1.483545
470.000000	1.483475
471.000000	1.483405
472.000000	1.483336
473.000000	1.483268
474.000000	1.483200
475.000000	1.483132
476.000000	1.483065
477.000000	1.482998
478.000000	1.482932
479.000000	1.482866
480.000000	1.482800
481.000000	1.482735
482.000000	1.482670
483.000000	1.482606
484.000000	1.482542
485.000000	1.482478
486.000000	1.482415
487.000000	1.482352
488.000000	1.482290
489.000000	1.482228
490.000000	1.482166
491.000000	1.482105
492.000000	1.482044
493.000000	1.481984
494.000000	1.481923
495.000000	1.481864
496.000000	1.481804
497.000000	1.481745
498.000000	1.481686
499.000000	1.481628
500.000000	1.481570
501.000000	1.481512
502.000000	1.481455
503.000000	1.481398
504.000000	1.481341
505.000000	1.481285
506.000000	1.481229
507.000000	1.481173
508.000000	1.481118
509.000000	1.481063
510.000000	1.481008
511.000000	1.480954
512.000000	1.480900
513.000000	1.480846
514.000000	1.480792
515.000000	1.480739
516.000000	1.480686
517.000000	1.480634
518.000000	1.480582
519.000000	1.480530
520.000000	1.480478
521.000000	1.480427
522.000000	1.480376
523.000000	1.480325
524.000000	1.480275
525.000000	1.480224
526.000000	1.480175
527.000000	1.480125
528.000000	1.480076
529.000000	1.480027
530.000000	1.479978
531.000000	1.479929
532.000000	1.479881
533.000000	1.479833
534.000000	1.479786
535.000000	1.479738
536.000000	1.479691
537.000000	1.479644
538.000000	1.479597
539.000000	1.479551
540.000000	1.479505
541.000000	1.479459
542.000000	1.479414
543.000000	1.479368
544.000000	1.479323
545.000000	1.479278
546.000000	1.479234
547.000000	1.479189
548.000000	1.479145
549.000000	1.479101
550.000000	1.479058
551.000000	1.479014
552.000000	1.478971
553.000000	1.478928
554.000000	1.478885
555.000000	1.478843
556.000000	1.478801
557.000000	1.478759
558.000000	1.478717
559.000000	1.478675
560.000000	1.478634
561.000000	1.478593
562.000000	1.478552
563.000000	1.478511
564.000000	1.478471
565.000000	1.478430
566.000000	1.478390
567.000000	1.478350
568.000000	1.478311
569.000000	1.478271
570.000000	1.478232
571.000000	1.478193
572.000000	1.478154
573.000000	1.478116
574.000000	1.478077
575.000000	1.478039
576.000000	1.478001
577.000000	1.477963
578.000000	1.477926
579.000000	1.477888
580.000000	1.477851
581.000000	1.477814
582.000000	1.477777
583.000000	1.477740
584.000000	1.477704
585.000000	1.477668
586.000000	1.477632
587.000000	1.477596
588.000000	1.477560
589.000000	1.477524
590.000000	1.477489
591.000000	1.477454
592.000000	1.477419
593.000000	1.477384
594.000000	1.477349
595.000000	1.477315
596.000000	1.477280
597.000000	1.477246
598.000000	1.477212
599.000000	1.477178
600.000000	1.477145
601.000000	1.477111
602.000000	1.477078
603.000000	1.477045
604.000000	1.477012
605.000000	1.476979
606.000000	1.476946
607.000000	1.476914
608.000000	1.476882
609.000000	1.476849
610.000000	1.476817
611.000000	1.476786
612.000000	1.476754
613.000000	1.476722
614.000000	1.476691
615.000000	1.476660
616.000000	1.476629
617.000000	1.476598
618.000000	1.476567
619.000000	1.476536
620.000000	1.476506
621.000000	1.476475
622.000000	1.476445
623.000000	1.476415
624.000000	1.476385
625.000000	1.476355
626.000000	1.476326
627.000000	1.476296
628.000000	1.476267
629.000000	1.476238
630.000000	1.476209
631.000000	1.476180
632.000000	1.476151
633.000000	1.476122
634.000000	1.476094
635.000000	1.476065
636.000000	1.476037
637.000000	1.476009
638.000000	1.475981
639.000000	1.475953
640.000000	1.475925
641.000000	1.475898
642.000000	1.475870
643.000000	1.475843
644.000000	1.475816
645.000000	1.475789
646.000000	1.475762
647.000000	1.475735
648.000000	1.475708
649.000000	1.475682
650.000000	1.475655
651.000000	1.475629
652.000000	1.475602
653.000000	1.475576
654.000000	1.475550
655.000000	1.475524
656.000000	1.475499
657.000000	1.475473
658.000000	1.475448
659.000000	1.475422
660.000000	1.475397
661.000000	1.475372
662.000000	1.475347
663.000000	1.475322
664.000000	1.475297
665.000000	1.475272
666.000000	1.475248
667.000000	1.475223
668.000000	1.475199
669.000000	1.475174
670.000000	1.475150
671.000000	1.475126
672.000000	1.475102
673.000000	1.475078
674.000000	1.475055
675.000000	1.475031
676.000000	1.475007
677.000000	1.474984
678.000000	1.474961
679.000000	1.474937
680.000000	1.474914
681.000000	1.474891
682.000000	1.474868
683.000000	1.474845
684.000000	1.474823
685.000000	1.474800
686.000000	1.474778
687.000000	1.474755
688.000000	1.474733
689.000000	1.474711
690.000000	1.474688
691.000000	1.474666
692.000000	1.474644
693.000000	1.474623
694.000000	1.474601
695.000000	1.474579
696.000000	1.474558
697.000000	1.474536
698.000000	1.474515
699.000000	1.474493
700.000000	1.474472
701.000000	1.474451
702.000000	1.474430
703.000000	1.474409
704.000000	1.474388
705.000000	1.474368
706.000000	1.474347
707.000000	1.474326
708.000000	1.474306
709.000000	1.474285
710.000000	1.474265
711.000000	1.474245
712.000000	1.474225
713.000000	1.474205
714.000000	1.474185
715.000000	1.474165
716.000000	1.474145
717.000000	1.474125
718.000000	1.474106
719.000000	1.474086
720.000000	1.474066
721.000000	1.474047
722.000000	1.474028
723.000000	1.474008
724.000000	1.473989
725.000000	1.473970
726.000000	1.473951
727.000000	1.473932
728.000000	1.473913
729.000000	1.473895
730.000000	1.473876
731.000000	1.473857
732.000000	1.473839
733.000000	1.473820
734.000000	1.473802
735.000000	1.473784
736.000000	1.473765
737.000000	1.473747
738.000000	1.473729
739.000000	1.473711
740.000000	1.473693
741.000000	1.473675
742.000000	1.473657
743.000000	1.473640
744.000000	1.473622
745.000000	1.473604
746.000000	1.473587
747.000000	1.473569
748.000000	1.473552
749.000000	1.473535
750.000000	1.473518
751.000000	1.473500
752.000000	1.473483
753.000000	1.473466
754.000000	1.473449
755.000000	1.473432
756.000000	1.473415
757.000000	1.473399
758.000000	1.473382
759.000000	1.473365
760.000000	1.473349
761.000000	1.473332
762.000000	1.473316
763.000000	1.473299
764.000000	1.473283
765.000000	1.473267
766.000000	1.473251
767.000000	1.473235
768.000000	1.473219
769.000000	1.473203
770.000000	1.473187
771.000000	1.473171
772.000000	1.473155
773.000000	1.473139
774.000000	1.473123
775.000000	1.473108
776.000000	1.473092
777.000000	1.473077
778.000000	1.473061
779.000000	1.473046
780.000000	1.473031
781.000000	1.473015
782.000000	1.473000
783.000000	1.472985
784.000000	1.472970
785.000000	1.472955
786.000000	1.472940
787.000000	1.472925
788.000000	1.472910
789.000000	1.472895
790.000000	1.472880
791.000000	1.472866
792.000000	1.472851
793.000000	1.472836
794.000000	1.472822
795.000000	1.472807
796.000000	1.472793
797.000000	1.472779
798.000000	1.472764
799.000000	1.472750
800.000000	1.472736
801.000000	1.472722
802.000000	1.472708
803.000000	1.472694
804.000000	1.472680
805.000000	1.472666
806.000000	1.472652
807.000000	1.472638
808.000000	1.472624
809.000000	1.472610
810.000000	1.472597
811.000000	1.472583
812.000000	1.472569
813.000000	1.472556
814.000000	1.472542
815.000000	1.472529
816.000000	1.472515
817.000000	1.472502
818.000000	1.472489
819.000000	1.472476
820.000000	1.472462
821.000000	1.472449
822.000000	1.472436
823.000000	1.472423
824.000000	1.472410
825.000000	1.472397
826.000000	1.472384
827.000000	1.472371
828.000000	1.472359
829.000000	1.472346
830.000000	1.472333
831.000000	1.472320
832.000000	1.472308
833.000000	1.472295
834.000000	1.472283
835.000000	1.472270
836.000000	1.472258
837.000000	1.472245
838.000000	1.472233
839.000000	1.472221
840.000000	1.472208
841.000000	1.472196
842.000000	1.472184
843.000000	1.472172
844.000000	1.472160
845.000000	1.472147
846.000000	1.472135
847.000000	1.472123
848.000000	1.472112
849.000000	1.472100
850.000000	1.472088
851.000000	1.472076
852.000000	1.472064
853.000000	1.472052
854.000000	1.472041
855.000000	1.472029
856.000000	1.472018
857.000000	1.472006
858.000000	1.471994
859.000000	1.471983
860.000000	1.471972
861.000000	1.471960
862.000000	1.471949
863.000000	1.471937
864.000000	1.471926
865.000000	1.471915
866.000000	1.471904
867.000000	1.471893
868.000000	1.471881
869.000000	1.471870
870.000000	1.471859
871.000000	1.471848
872.000000	1.471837
873.000000	1.471826
874.000000	1.471815
875.000000	1.471805
876.000000	1.471794
877.000000	1.471783
878.000000	1.471772
879.000000	1.471761
880.000000	1.471751
881.000000	1.471740
882.000000	1.471730
883.000000	1.471719
884.000000	1.471708
885.000000	1.471698
886.000000	1.471687
887.000000	1.471677
888.000000	1.471667
889.000000	1.471656
890.000000	1.471646
891.000000	1.471636
892.000000	1.471625
893.000000	1.471615
894.000000	1.471605
895.000000	1.471595
896.000000	1.471585
897.000000	1.471575
898.000000	1.471565
899.000000	1.471555
900.000000	1.471545
901.000000	1.471535
902.000000	1.471525
903.000000	1.471515
904.000000	1.471505
905.000000	1.471495
906.000000	1.471485
907.000000	1.471476
908.000000	1.471466
909.000000	1.471456
910.000000	1.471447
911.000000	1.471437
912.000000	1.471427
913.000000	1.471418
914.000000	1.471408
915.000000	1.471399
916.000000	1.471389
917.000000	1.471380
918.000000	1.471370
919.000000	1.471361
920.000000	1.471352
921.000000	1.471342
922.000000	1.471333
923.000000	1.471324
924.000000	1.471315
925.000000	1.471305
926.000000	1.471296
927.000000	1.471287
928.000000	1.471278
929.000000	1.471269
930.000000	1.471260
931.000000	1.471251
932.000000	1.471242
933.000000	1.471233
934.000000	1.471224
935.000000	1.471215
936.000000	1.471206
937.000000	1.471197
938.000000	1.471188
939.000000	1.471180
940.000000	1.471171
941.000000	1.471162
942.000000	1.471153
943.000000	1.471145
944.000000	1.471136
945.000000	1.471127
946.000000	1.471119
947.000000	1.471110
948.000000	1.471102
949.000000	1.471093
950.000000	1.471085
951.000000	1.471076
952.000000	1.471068
953.000000	1.471059
954.000000	1.471051
955.000000	1.471043
956.000000	1.471034
957.000000	1.471026
958.000000	1.471018
959.000000	1.471010
960.000000	1.471001
961.000000	1.470993
962.000000	1.470985
963.000000	1.470977
964.000000	1.470969
965.000000	1.470961
966.000000	1.470952
967.000000	1.470944
968.000000	1.470936
969.000000	1.470928
970.000000	1.470920
971.000000	1.470912
972.000000	1.470905
973.000000	1.470897
974.000000	1.470889
975.000000	1.470881
976.000000	1.470873
977.000000	1.470865
978.000000	1.470857
979.000000	1.470850
980.000000	1.470842
981.000000	1.470834
982.000000	1.470827
983.000000	1.470819
984.000000	1.470811
985.000000	1.470804
986.000000	1.470796
987.000000	1.470788
988.000000	1.470781
989.000000	1.470773
990.000000	1.470766
991.000000	1.470758
992.000000	1.470751
993.000000	1.470744
994.000000	1.470736
995.000000	1.470729
996.000000	1.470721
997.000000	1.470714
998.000000	1.470707
999.000000	1.470699
1000.000000	1.470692
1001.000000	1.470685
1002.000000	1.470678
1003.000000	1.470670
1004.000000	1.470663
1005.000000	1.470656
1006.000000	1.470649
1007.000000	1.470642
1008.000000	1.470635
1009.000000	1.470628
1010.000000	1.470620
1011.000000	1.470613
1012.000000	1.470606
1013.000000	1.470599
1014.000000	1.470592
1015.000000	1.470585
1016.000000	1.470578
1017.000000	1.470572
1018.000000	1.470565
1019.000000	1.470558
1020.000000	1.470551
1021.000000	1.470544
1022.000000	1.470537
1023.000000	1.470530
1024.000000	1.470524
1025.000000	1.470517
1026.000000	1.470510
1027.000000	1.470503
1028.000000	1.470497
1029.000000	1.470490
1030.000000	1.470483
1031.000000	1.470477
1032.000000	1.470470
1033.000000	1.470464
1034.000000	1.470457
1035.000000	1.470450
1036.000000	1.470444
1037.000000	1.470437
1038.000000	1.470431
1039.000000	1.470424
1040.000000	1.470418
1041.000000	1.470411
1042.000000	1.470405
1043.000000	1.470399
1044.000000	1.470392
1045.000000	1.470386
1046.000000	1.470379
1047.000000	1.470373
1048.000000	1.470367
1049.000000	1.470360
1050.000000	1.470354
1051.000000	1.470348
1052.000000	1.470342
1053.000000	1.470335
1054.000000	1.470329
1055.000000	1.470323
1056.000000	1.470317
1057.000000	1.470311
1058.000000	1.470304
1059.000000	1.470298
1060.000000	1.470292
1061.000000	1.470286
1062.000000	1.470280
1063.000000	1.470274
1064.000000	1.470268
1065.000000	1.470262
1066.000000	1.470256
1067.000000	1.470250
1068.000000	1.470244
1069.000000	1.470238
1070.000000	1.470232
1071.000000	1.470226
1072.000000	1.470220
1073.000000	1.470214
1074.000000	1.470208
1075.000000	1.470203
1076.000000	1.470197
1077.000000	1.470191
1078.000000	1.470185
1079.000000	1.470179
1080.000000	1.470173
1081.000000	1.470168
1082.000000	1.470162
1083.000000	1.470156
1084.000000	1.470150
1085.000000	1.470145
1086.000000	1.470139
1087.000000	1.470133
1088.000000	1.470128
1089.000000	1.470122
1090.000000	1.470117
1091.000000	1.470111
1092.000000	1.470105
1093.000000	1.470100
1094.000000	1.470094
1095.000000	1.470089
1096.000000	1.470083
1097.000000	1.470078
1098.000000	1.470072
1099.000000	1.470067
1100.000000	1.470061
1101.000000	1.470056
1102.000000	1.470050
1103.000000	1.470045
1104.000000	1.470039
1105.000000	1.470034
1106.000000	1.470029
1107.000000	1.470023
1108.000000	1.470018
1109.000000	1.470013
1110.000000	1.470007
1111.000000	1.470002
1112.000000	1.469997
1113.000000	1.469991
1114.000000	1.469986
1115.000000	1.469981
1116.000000	1.469976
1117.000000	1.469970
1118.000000	1.469965
1119.000000	1.469960
1120.000000	1.469955
1121.000000	1.469950
1122.000000	1.469944
1123.000000	1.469939
1124.000000	1.469934
1125.000000	1.469929
1126.000000	1.469924
1127.000000	1.469919
1128.000000	1.469914
1129.000000	1.469909
1130.000000	1.469904
1131.000000	1.469899
1132.000000	1.469894
1133.000000	1.469889
1134.000000	1.469884
1135.000000	1.469879
1136.000000	1.469874
1137.000000	1.469869
1138.000000	1.469864
1139.000000	1.469859
1140.000000	1.469854
1141.000000	1.469849
1142.000000	1.469844
1143.000000	1.469839
1144.000000	1.469834
1145.000000	1.469830
1146.000000	1.469825
1147.000000	1.469820
1148.000000	1.469815
1149.000000	1.469810
1150.000000	1.469805
1151.000000	1.469801
1152.000000	1.469796
1153.000000	1.469791
1154.000000	1.469786
1155.000000	1.469782
1156.000000	1.469777
1157.000000	1.469772
1158.000000	1.469768
1159.000000	1.469763
1160.000000	1.469758
1161.000000	1.469754
1162.000000	1.469749
1163.000000	1.469744
1164.000000	1.469740
1165.000000	1.469735
1166.000000	1.469731
1167.000000	1.469726
1168.000000	1.469721
1169.000000	1.469717
1170.000000	1.469712
1171.000000	1.469708
1172.000000	1.469703
1173.000000	1.469699
1174.000000	1.469694
1175.000000	1.469690
1176.000000	1.469685
1177.000000	1.469681
1178.000000	1.469676
1179.000000	1.469672
1180.000000	1.469667
1181.000000	1.469663
1182.000000	1.469659
1183.000000	1.469654
1184.000000	1.469650
1185.000000	1.469645
1186.000000	1.469641
1187.000000	1.469637
1188.000000	1.469632
1189.000000	1.469628
1190.000000	1.469624
1191.000000	1.469619
1192.000000	1.469615
1193.000000	1.469611
1194.000000	1.469607
1195.000000	1.469602
1196.000000	1.469598
1197.000000	1.469594
1198.000000	1.469590
1199.000000	1.469585
1200.000000	1.469581
1201.000000	1.469577
1202.000000	1.469573
1203.000000	1.469569
1204.000000	1.469564
1205.000000	1.469560
1206.000000	1.469556
1207.000000	1.469552
1208.000000	1.469548
1209.000000	1.469544
1210.000000	1.469540
1211.000000	1.469535
1212.000000	1.469531
1213.000000	1.469527
1214.000000	1.469523
1215.000000	1.469519
1216.000000	1.469515
1217.000000	1.469511
1218.000000	1.469507
1219.000000	1.469503
1220.000000	1.469499
1221.000000	1.469495
1222.000000	1.469491
1223.000000	1.469487
1224.000000	1.469483
1225.000000	1.469479
1226.000000	1.469475
1227.000000	1.469471
1228.000000	1.469467
1229.000000	1.469463
1230.000000	1.469459
1231.000000	1.469455
1232.000000	1.469452
1233.000000	1.469448
1234.000000	1.469444
1235.000000	1.469440
1236.000000	1.469436
1237.000000	1.469432
1238.000000	1.469428
1239.000000	1.469425
1240.000000	1.469421
1241.000000	1.469417
1242.000000	1.469413
1243.000000	1.469409
1244.000000	1.469406
1245.000000	1.469402
1246.000000	1.469398
1247.000000	1.469394
1248.000000	1.469391
1249.000000	1.469387
1250.000000	1.469383
1251.000000	1.469379
1252.000000	1.469376
1253.000000	1.469372
1254.000000	1.469368
1255.000000	1.469365
1256.000000	1.469361
1257.000000	1.469357
1258.000000	1.469354
1259.000000	1.469350
1260.000000	1.469346
1261.000000	1.469343
1262.000000	1.469339
1263.000000	1.469335
1264.000000	1.469332
1265.000000	1.469328
1266.000000	1.469325
1267.000000	1.469321
1268.000000	1.469317
1269.000000	1.469314
1270.000000	1.469310
1271.000000	1.469307
1272.000000	1.469303
1273.000000	1.469300
1274.000000	1.469296
1275.000000	1.469293
1276.000000	1.469289
1277.000000	1.469286
1278.000000	1.469282
1279.000000	1.469279
1280.000000	1.469275
1281.000000	1.469272
1282.000000	1.469268
1283.000000	1.469265
1284.000000	1.469261
1285.000000	1.469258
1286.000000	1.469255
1287.000000	1.469251
1288.000000	1.469248
1289.000000	1.469244
1290.000000	1.469241
1291.000000	1.469238
1292.000000	1.469234
1293.000000	1.469231
1294.000000	1.469227
1295.000000	1.469224
1296.000000	1.469221
1297.000000	1.469217
1298.000000	1.469214
1299.000000	1.469211
1300.000000	1.469207
1301.000000	1.469204
1302.000000	1.469201
1303.000000	1.469198
1304.000000	1.469194
1305.000000	1.469191
1306.000000	1.469188
1307.000000	1.469184
1308.000000	1.469181
1309.000000	1.469178
1310.000000	1.469175
1311.000000	1.469171
1312.000000	1.469168
1313.000000	1.469165
1314.000000	1.469162
1315.000000	1.469159
1316.000000	1.469155
1317.000000	1.469152
1318.000000	1.469149
1319.000000	1.469146
1320.000000	1.469143
1321.000000	1.469140
1322.000000	1.469136
1323.000000	1.469133
1324.000000	1.469130
1325.000000	1.469127
1326.000000	1.469124
1327.000000	1.469121
1328.000000	1.469118
1329.000000	1.469115
1330.000000	1.469111
1331.000000	1.469108
1332.000000	1.469105
1333.000000	1.469102
1334.000000	1.469099
1335.000000	1.469096
1336.000000	1.469093
1337.000000	1.469090
1338.000000	1.469087
1339.000000	1.469084
1340.000000	1.469081
1341.000000	1.469078
1342.000000	1.469075
1343.000000	1.469072
1344.000000	1.469069
1345.000000	1.469066
1346.000000	1.469063
1347.000000	1.469060
1348.000000	1.469057
1349.000000	1.469054
1350.000000	1.469051
1351.000000	1.469048
1352.000000	1.469045
1353.000000	1.469042
1354.000000	1.469039
1355.000000	1.469036
1356.000000	1.469033
1357.000000	1.469030
1358.000000	1.469027
1359.000000	1.469025
1360.000000	1.469022
1361.000000	1.469019
1362.000000	1.469016
1363.000000	1.469013
1364.000000	1.469010
1365.000000	1.469007
1366.000000	1.469004
1367.000000	1.469002
1368.000000	1.468999
1369.000000	1.468996
1370.000000	1.468993
1371.000000	1.468990
1372.000000	1.468987
1373.000000	1.468985
1374.000000	1.468982
1375.000000	1.468979
1376.000000	1.468976
1377.000000	1.468973
1378.000000	1.468971
1379.000000	1.468968
1380.000000	1.468965
1381.000000	1.468962
1382.000000	1.468960
1383.000000	1.468957
1384.000000	1.468954
1385.000000	1.468951
1386.000000	1.468949
1387.000000	1.468946
1388.000000	1.468943
1389.000000	1.468940
1390.000000	1.468938
1391.000000	1.468935
1392.000000	1.468932
1393.000000	1.468930
1394.000000	1.468927
1395.000000	1.468924
1396.000000	1.468922
1397.000000	1.468919
1398.000000	1.468916
1399.000000	1.468914
1400.000000	1.468911
1401.000000	1.468908
1402.000000	1.468906
1403.000000	1.468903
1404.000000	1.468900
1405.000000	1.468898
1406.000000	1.468895
1407.000000	1.468892
1408.000000	1.468890
1409.000000	1.468887
1410.000000	1.468885
1411.000000	1.468882
1412.000000	1.468879
1413.000000	1.468877
1414.000000	1.468874
1415.000000	1.468872
1416.000000	1.468869
1417.000000	1.468867
1418.000000	1.468864
1419.000000	1.468862
1420.000000	1.468859
1421.000000	1.468856
1422.000000	1.468854
1423.000000	1.468851
1424.000000	1.468849
1425.000000	1.468846
1426.000000	1.468844
1427.000000	1.468841
1428.000000	1.468839
1429.000000	1.468836
1430.000000	1.468834
1431.000000	1.468831
1432.000000	1.468829
1433.000000	1.468826
1434.000000	1.468824
1435.000000	1.468821
1436.000000	1.468819
1437.000000	1.468817
1438.000000	1.468814
1439.000000	1.468812
1440.000000	1.468809
1441.000000	1.468807
1442.000000	1.468804
1443.000000	1.468802
1444.000000	1.468800
1445.000000	1.468797
1446.000000	1.468795
1447.000000	1.468792
1448.000000	1.468790
1449.000000	1.468787
1450.000000	1.468785
1451.000000	1.468783
1452.000000	1.468780
1453.000000	1.468778
1454.000000	1.468776
1455.000000	1.468773
1456.000000	1.468771
1457.000000	1.468769
1458.000000	1.468766
1459.000000	1.468764
1460.000000	1.468761
1461.000000	1.468759
1462.000000	1.468757
1463.000000	1.468754
1464.000000	1.468752
1465.000000	1.468750
1466.000000	1.468748
1467.000000	1.468745
1468.000000	1.468743
1469.000000	1.468741
1470.000000	1.468738
1471.000000	1.468736
1472.000000	1.468734
1473.000000	1.468731
1474.000000	1.468729
1475.000000	1.468727
1476.000000	1.468725
1477.000000	1.468722
1478.000000	1.468720
1479.000000	1.468718
1480.000000	1.468716
1481.000000	1.468713
1482.000000	1.468711
1483.000000	1.468709
1484.000000	1.468707
1485.000000	1.468704
1486.000000	1.468702
1487.000000	1.468700
1488.000000	1.468698
1489.000000	1.468696
1490.000000	1.468693
1491.000000	1.468691
1492.000000	1.468689
1493.000000	1.468687
1494.000000	1.468685
1495.000000	1.468682
1496.000000	1.468680
1497.000000	1.468678
1498.000000	1.468676
1499.000000	1.468674
1500.000000	1.468672
1501.000000	1.468670
1502.000000	1.468667
1503.000000	1.468665
1504.000000	1.468663
1505.000000	1.468661
1506.000000	1.468659
1507.000000	1.468657
1508.000000	1.468655
1509.000000	1.468652
1510.000000	1.468650
1511.000000	1.468648
1512.000000	1.468646
1513.000000	1.468644
1514.000000	1.468642
1515.000000	1.468640
1516.000000	1.468638
1517.000000	1.468636
1518.000000	1.468634
1519.000000	1.468631
1520.000000	1.468629
1521.000000	1.468627
1522.000000	1.468625
1523.000000	1.468623
1524.000000	1.468621
1525.000000	1.468619
1526.000000	1.468617
1527.000000	1.468615
1528.000000	1.468613
1529.000000	1.468611
1530.000000	1.468609
1531.000000	1.468607
1532.000000	1.468605
1533.000000	1.468603
1534.000000	1.468601
1535.000000	1.468599
1536.000000	1.468597
1537.000000	1.468595
1538.000000	1.468593
1539.000000	1.468591
1540.000000	1.468589
1541.000000	1.468587
1542.000000	1.468585
1543.000000	1.468583
1544.000000	1.468581
1545.000000	1.468579
1546.000000	1.468577
1547.000000	1.468575
1548.000000	1.468573
1549.000000	1.468571
1550.000000	1.468569
1551.000000	1.468567
1552.000000	1.468565
1553.000000	1.468563
1554.000000	1.468561
1555.000000	1.468559
1556.000000	1.468557
1557.000000	1.468555
1558.000000	1.468553
1559.000000	1.468552
1560.000000	1.468550
1561.000000	1.468548
1562.000000	1.468546
1563.000000	1.468544
1564.000000	1.468542
1565.000000	1.468540
1566.000000	1.468538
1567.000000	1.468536
1568.000000	1.468534
1569.000000	1.468533
1570.000000	1.468531
1571.000000	1.468529
1572.000000	1.468527
1573.000000	1.468525
1574.000000	1.468523
1575.000000	1.468521
1576.000000	1.468519
1577.000000	1.468518
1578.000000	1.468516
1579.000000	1.468514
1580.000000	1.468512
1581.000000	1.468510
1582.000000	1.468508
1583.000000	1.468507
1584.000000	1.468505
1585.000000	1.468503
1586.000000	1.468501
1587.000000	1.468499
1588.000000	1.468497
1589.000000	1.468496
1590.000000	1.468494
1591.000000	1.468492
1592.000000	1.468490
1593.000000	1.468488
1594.000000	1.468487
1595.000000	1.468485
1596.000000	1.468483
1597.000000	1.468481
1598.000000	1.468479
1599.000000	1.468478
1600.000000	1.468476
1601.000000	1.468474
1602.000000	1.468472
1603.000000	1.468471
1604.000000	1.468469
1605.000000	1.468467
1606.000000	1.468465
1607.000000	1.468463
1608.000000	1.468462
1609.000000	1.468460
1610.000000	1.468458
1611.000000	1.468456
1612.000000	1.468455
1613.000000	1.468453
1614.000000	1.468451
1615.000000	1.468450
1616.000000	1.468448
1617.000000	1.468446
1618.000000	1.468444
1619.000000	1.468443
1620.000000	1.468441
1621.000000	1.468439
1622.000000	1.468438
1623.000000	1.468436
1624.000000	1.468434
1625.000000	1.468432
1626.000000	1.468431
1627.000000	1.468429
1628.000000	1.468427
1629.000000	1.468426
1630.000000	1.468424
1631.000000	1.468422
1632.000000	1.468421
1633.000000	1.468419
1634.000000	1.468417
1635.000000	1.468416
1636.000000	1.468414
1637.000000	1.468412
1638.000000	1.468411
1639.000000	1.468409
1640.000000	1.468407
1641.000000	1.468406
1642.000000	1.468404
1643.000000	1.468402
1644.000000	1.468401
1645.000000	1.468399
1646.000000	1.468397
1647.000000	1.468396
1648.000000	1.468394
1649.000000	1.468393
1650.000000	1.468391
1651.000000	1.468389
1652.000000	1.468388
1653.000000	1.468386
1654.000000	1.468385
1655.000000	1.468383
1656.000000	1.468381
1657.000000	1.468380
1658.000000	1.468378
1659.000000	1.468377
1660.000000	1.468375
1661.000000	1.468373
1662.000000	1.468372
1663.000000	1.468370
1664.000000	1.468369
1665.000000	1.468367
1666.000000	1.468365
1667.000000	1.468364
1668.000000	1.468362
1669.000000	1.468361
1670.000000	1.468359
1671.000000	1.468358
1672.000000	1.468356
1673.000000	1.468354
1674.000000	1.468353
1675.000000	1.468351
1676.000000	1.468350
1677.000000	1.468348
1678.000000	1.468347
1679.000000	1.468345
1680.000000	1.468344
1681.000000	1.468342
1682.000000	1.468341
1683.000000	1.468339
1684.000000	1.468338
1685.000000	1.468336
1686.000000	1.468335
1687.000000	1.468333
1688.000000	1.468331
1689.000000	1.468330
1690.000000	1.468328
1691.000000	1.468327
1692.000000	1.468325
1693.000000	1.468324
1694.000000	1.468322
1695.000000	1.468321
1696.000000	1.468319
1697.000000	1.468318
1698.000000	1.468316
1699.000000	1.468315
1700.000000	1.468314
1701.000000	1.468312
1702.000000	1.468311
1703.000000	1.468309
1704.000000	1.468308
1705.000000	1.468306
1706.000000	1.468305
1707.000000	1.468303
1708.000000	1.468302
1709.000000	1.468300
1710.000000	1.468299
1711.000000	1.468297
1712.000000	1.468296
1713.000000	1.468294
1714.000000	1.468293
1715.000000	1.468292
1716.000000	1.468290
1717.000000	1.468289
1718.000000	1.468287
1719.000000	1.468286
1720.000000	1.468284
1721.000000	1.468283
1722.000000	1.468282
1723.000000	1.468280
1724.000000	1.468279
1725.000000	1.468277
1726.000000	1.468276
1727.000000	1.468274
1728.000000	1.468273
1729.000000	1.468272
1730.000000	1.468270
1731.000000	1.468269
1732.000000	1.468267
1733.000000	1.468266
1734.000000	1.468265
1735.000000	1.468263
1736.000000	1.468262
1737.000000	1.468260
1738.000000	1.468259
1739.000000	1.468258
1740.000000	1.468256
1741.000000	1.468255
1742.000000	1.468254
1743.000000	1.468252
1744.000000	1.468251
1745.000000	1.468249
1746.000000	1.468248
1747.000000	1.468247
1748.000000	1.468245
1749.000000	1.468244
1750.000000	1.468243
1751.000000	1.468241
1752.000000	1.468240
1753.000000	1.468239
1754.000000	1.468237
1755.000000	1.468236
1756.000000	1.468234
1757.000000	1.468233
1758.000000	1.468232
1759.000000	1.468230
1760.000000	1.468229
1761.000000	1.468228
1762.000000	1.468226
1763.000000	1.468225
1764.000000	1.468224
1765.000000	1.468222
1766.000000	1.468221
1767.000000	1.468220
1768.000000	1.468219
1769.000000	1.468217
1770.000000	1.468216
1771.000000	1.468215
1772.000000	1.468213
1773.000000	1.468212
1774.000000	1.468211
1775.000000	1.468209
1776.000000	1.468208
1777.000000	1.468207
1778.000000	1.468205
1779.000000	1.468204
1780.000000	1.468203
1781.000000	1.468202
1782.000000	1.468200
1783.000000	1.468199
1784.000000	1.468198
1785.000000	1.468196
1786.000000	1.468195
1787.000000	1.468194
1788.000000	1.468193
1789.000000	1.468191
1790.000000	1.468190
1791.000000	1.468189
1792.000000	1.468188
1793.000000	1.468186
1794.000000	1.468185
1795.000000	1.468184
1796.000000	1.468183
1797.000000	1.468181
1798.000000	1.468180
1799.000000	1.468179
1800.000000	1.468177
1801.000000	1.468176
1802.000000	1.468175
1803.000000	1.468174
1804.000000	1.468173
1805.000000	1.468171
1806.000000	1.468170
1807.000000	1.468169
1808.000000	1.468168
1809.000000	1.468166
1810.000000	1.468165
1811.000000	1.468164
1812.000000	1.468163
1813.000000	1.468161
1814.000000	1.468160
1815.000000	1.468159
1816.000000	1.468158
1817.000000	1.468157
1818.000000	1.468155
1819.000000	1.468154
1820.000000	1.468153
1821.000000	1.468152
1822.000000	1.468151
1823.000000	1.468149
1824.000000	1.468148
1825.000000	1.468147
1826.000000	1.468146
1827.000000	1.468145
1828.000000	1.468143
1829.000000	1.468142
1830.000000	1.468141
1831.000000	1.468140
1832.000000	1.468139
1833.000000	1.468137
1834.000000	1.468136
1835.000000	1.468135
1836.000000	1.468134
1837.000000	1.468133
1838.000000	1.468132
1839.000000	1.468130
1840.000000	1.468129
1841.000000	1.468128
1842.000000	1.468127
1843.000000	1.468126
1844.000000	1.468125
1845.000000	1.468123
1846.000000	1.468122
1847.000000	1.468121
1848.000000	1.468120
1849.000000	1.468119
1850.000000	1.468118
1851.000000	1.468116
1852.000000	1.468115
1853.000000	1.468114
1854.000000	1.468113
1855.000000	1.468112
1856.000000	1.468111
1857.000000	1.468110
1858.000000	1.468108
1859.000000	1.468107
1860.000000	1.468106
1861.000000	1.468105
1862.000000	1.468104
1863.000000	1.468103
1864.000000	1.468102
1865.000000	1.468101
1866.000000	1.468099
1867.000000	1.468098
1868.000000	1.468097
1869.000000	1.468096
1870.000000	1.468095
1871.000000	1.468094
1872.000000	1.468093
1873.000000	1.468092
1874.000000	1.468091
1875.000000	1.468089
1876.000000	1.468088
1877.000000	1.468087
1878.000000	1.468086
1879.000000	1.468085
1880.000000	1.468084
1881.000000	1.468083
1882.000000	1.468082
1883.000000	1.468081
1884.000000	1.468080
1885.000000	1.468078
1886.000000	1.468077
1887.000000	1.468076
1888.000000	1.468075
1889.000000	1.468074
1890.000000	1.468073
1891.000000	1.468072
1892.000000	1.468071
1893.000000	1.468070
1894.000000	1.468069
1895.000000	1.468068
1896.000000	1.468067
1897.000000	1.468066
1898.000000	1.468064
1899.000000	1.468063
1900.000000	1.468062
1901.000000	1.468061
1902.000000	1.468060
1903.000000	1.468059
1904.000000	1.468058
1905.000000	1.468057
1906.000000	1.468056
1907.000000	1.468055
1908.000000	1.468054
1909.000000	1.468053
1910.000000	1.468052
1911.000000	1.468051
1912.000000	1.468050
1913.000000	1.468049
1914.000000	1.468048
1915.000000	1.468047
1916.000000	1.468046
1917.000000	1.468045
1918.000000	1.468044
1919.000000	1.468042
1920.000000	1.468041
1921.000000	1.468040
1922.000000	1.468039
1923.000000	1.468038
1924.000000	1.468037
1925.000000	1.468036
1926.000000	1.468035
1927.000000	1.468034
1928.000000	1.468033
1929.000000	1.468032
1930.000000	1.468031
1931.000000	1.468030
1932.000000	1.468029
1933.000000	1.468028
1934.000000	1.468027
1935.000000	1.468026
1936.000000	1.468025
1937.000000	1.468024
1938.000000	1.468023
1939.000000	1.468022
1940.000000	1.468021
1941.000000	1.468020
1942.000000	1.468019
1943.000000	1.468018
1944.000000	1.468017
1945.000000	1.468016
1946.000000	1.468015
1947.000000	1.468014
1948.000000	1.468013
1949.000000	1.468012
1950.000000	1.468011
1951.000000	1.468010
1952.000000	1.468009
1953.000000	1.468008
1954.000000	1.468007
1955.000000	1.468006
1956.000000	1.468005
1957.000000	1.468004
1958.000000	1.468004
1959.000000	1.468003
1960.000000	1.468002
1961.000000	1.468001
1962.000000	1.468000
1963.000000	1.467999
1964.000000	1.467998
1965.000000	1.467997
1966.000000	1.467996
1967.000000	1.467995
1968.000000	1.467994
1969.000000	1.467993
1970.000000	1.467992
1971.000000	1.467991
1972.000000	1.467990
1973.000000	1.467989
1974.000000	1.467988
1975.000000	1.467987
1976.000000	1.467986
1977.000000	1.467985
1978.000000	1.467984
1979.000000	1.467983
1980.000000	1.467983
1981.000000	1.467982
1982.000000	1.467981
1983.000000	1.467980
1984.000000	1.467979
1985.000000	1.467978
1986.000000	1.467977
1987.000000	1.467976
1988.000000	1.467975
1989.000000	1.467974
1990.000000	1.467973
1991.000000	1.467972
1992.000000	1.467971
1993.000000	1.467970
1994.000000	1.467970
1995.000000	1.467969
1996.000000	1.467968
1997.000000	1.467967
1998.000000	1.467966
1999.000000	1.467965
2000.000000	1.467964
