300.000000	1.349000
301.000000	1.348902
302.000000	1.348801
303.000000	1.348697
304.000000	1.348591
305.000000	1.348483
306.000000	1.348372
307.000000	1.348260
308.000000	1.348145
309.000000	1.348029
310.000000	1.347910
311.000000	1.347790
312.000000	1.347669
313.000000	1.347546
314.000000	1.347422
315.000000	1.347296
316.000000	1.347170
317.000000	1.347042
318.000000	1.346914
319.000000	1.346785
320.000000	1.346655
321.000000	1.346525
322.000000	1.346394
323.000000	1.346263
324.000000	1.346131
325.000000	1.346000
326.000000	1.345869
327.000000	1.345737
328.000000	1.345606
329.000000	1.345475
330.000000	1.345345
331.000000	1.345215
332.000000	1.345086
333.000000	1.344958
334.000000	1.344830
335.000000	1.344704
336.000000	1.344578
337.000000	1.344454
338.000000	1.344331
339.000000	1.344210
340.000000	1.344090
341.000000	1.343971
342.000000	1.343855
343.000000	1.343740
344.000000	1.343628
345.000000	1.343517
346.000000	1.343409
347.000000	1.343303
348.000000	1.343199
349.000000	1.343098
350.000000	1.343000
351.000000	1.342904
352.000000	1.342811
353.000000	1.342721
354.000000	1.342632
355.000000	1.342546
356.000000	1.342461
357.000000	1.342379
358.000000	1.342298
359.000000	1.342218
360.000000	1.342140
361.000000	1.342062
362.000000	1.341986
363.000000	1.341910
364.000000	1.341835
365.000000	1.341761
366.000000	1.341686
367.000000	1.341612
368.000000	1.341537
369.000000	1.341463
370.000000	1.341388
371.000000	1.341312
372.000000	1.341236
373.000000	1.341158
374.000000	1.341080
375.000000	1.341000
376.000000	1.340919
377.000000	1.340837
378.000000	1.340753
379.000000	1.340669
380.000000	1.340584
381.000000	1.340498
382.000000	1.340412
383.000000	1.340326
384.000000	1.340240
385.000000	1.340154
386.000000	1.340068
387.000000	1.339983
388.000000	1.339898
389.000000	1.339814
390.000000	1.339732
391.000000	1.339650
392.000000	1.339570
393.000000	1.339492
394.000000	1.339415
395.000000	1.339340
396.000000	1.339267
397.000000	1.339196
398.000000	1.339128
399.000000	1.339063
400.000000	1.339000
401.000000	1.338940
402.000000	1.338883
403.000000	1.338829
404.000000	1.338777
405.000000	1.338727
406.000000	1.338680
407.000000	1.338635
408.000000	1.338591
409.000000	1.338550
410.000000	1.338510
411.000000	1.338471
412.000000	1.338434
413.000000	1.338398
414.000000	1.338363
415.000000	1.338328
416.000000	1.338295
417.000000	1.338262
418.000000	1.338229
419.000000	1.338197
420.000000	1.338165
421.000000	1.338133
422.000000	1.338100
423.000000	1.338067
424.000000	1.338034
425.000000	1.338000
426.000000	1.337965
427.000000	1.337930
428.000000	1.337894
429.000000	1.337857
430.000000	1.337819
431.000000	1.337781
432.000000	1.337743
433.000000	1.337703
434.000000	1.337664
435.000000	1.337624
436.000000	1.337583
437.000000	1.337543
438.000000	1.337502
439.000000	1.337460
440.000000	1.337419
441.000000	1.337377
442.000000	1.337335
443.000000	1.337293
444.000000	1.337251
445.000000	1.337209
446.000000	1.337167
447.000000	1.337125
448.000000	1.337083
449.000000	1.337041
450.000000	1.337000
451.000000	1.336959
452.000000	1.336918
453.000000	1.336877
454.000000	1.336836
455.000000	1.336796
456.000000	1.336755
457.000000	1.336715
458.000000	1.336675
459.000000	1.336635
460.000000	1.336595
461.000000	1.336556
462.000000	1.336516
463.000000	1.336476
464.000000	1.336437
465.000000	1.336397
466.000000	1.336358
467.000000	1.336318
468.000000	1.336278
469.000000	1.336239
470.000000	1.336199
471.000000	1.336160
472.000000	1.336120
473.000000	1.336080
474.000000	1.336040
475.000000	1.336000
476.000000	1.335960
477.000000	1.335920
478.000000	1.335879
479.000000	1.335839
480.000000	1.335798
481.000000	1.335758
482.000000	1.335717
483.000000	1.335676
484.000000	1.335636
485.000000	1.335595
486.000000	1.335555
487.000000	1.335514
488.000000	1.335474
489.000000	1.335433
490.000000	1.335393
491.000000	1.335353
492.000000	1.335313
493.000000	1.335273
494.000000	1.335233
495.000000	1.335194
496.000000	1.335155
497.000000	1.335116
498.000000	1.335077
499.000000	1.335038
500.000000	1.335000
501.000000	1.334962
502.000000	1.334924
503.000000	1.334887
504.000000	1.334849
505.000000	1.334812
506.000000	1.334774
507.000000	1.334737
508.000000	1.334700
509.000000	1.334662
510.000000	1.334624
511.000000	1.334586
512.000000	1.334548
513.000000	1.334509
514.000000	1.334470
515.000000	1.334431
516.000000	1.334391
517.000000	1.334350
518.000000	1.334309
519.000000	1.334267
520.000000	1.334225
521.000000	1.334182
522.000000	1.334137
523.000000	1.334093
524.000000	1.334047
525.000000	1.334000
526.000000	1.333952
527.000000	1.333904
528.000000	1.333854
529.000000	1.333805
530.000000	1.333755
531.000000	1.333705
532.000000	1.333655
533.000000	1.333606
534.000000	1.333557
535.000000	1.333508
536.000000	1.333461
537.000000	1.333415
538.000000	1.333370
539.000000	1.333326
540.000000	1.333284
541.000000	1.333244
542.000000	1.333206
543.000000	1.333171
544.000000	1.333138
545.000000	1.333107
546.000000	1.333079
547.000000	1.333054
548.000000	1.333033
549.000000	1.333015
550.000000	1.333000
551.000000	1.332989
552.000000	1.332982
553.000000	1.332977
554.000000	1.332976
555.000000	1.332977
556.000000	1.332980
557.000000	1.332985
558.000000	1.332991
559.000000	1.332998
560.000000	1.333006
561.000000	1.333015
562.000000	1.333024
563.000000	1.333033
564.000000	1.333041
565.000000	1.333048
566.000000	1.333054
567.000000	1.333058
568.000000	1.333061
569.000000	1.333062
570.000000	1.333060
571.000000	1.333055
572.000000	1.333047
573.000000	1.333035
574.000000	1.333020
575.000000	1.333000
576.000000	1.332976
577.000000	1.332948
578.000000	1.332916
579.000000	1.332881
580.000000	1.332842
581.000000	1.332801
582.000000	1.332758
583.000000	1.332713
584.000000	1.332666
585.000000	1.332618
586.000000	1.332569
587.000000	1.332520
588.000000	1.332470
589.000000	1.332421
590.000000	1.332372
591.000000	1.332325
592.000000	1.332278
593.000000	1.332234
594.000000	1.332191
595.000000	1.332151
596.000000	1.332114
597.000000	1.332080
598.000000	1.332049
599.000000	1.332022
600.000000	1.332000
601.000000	1.331982
602.000000	1.331969
603.000000	1.331959
604.000000	1.331953
605.000000	1.331950
606.000000	1.331950
607.000000	1.331952
608.000000	1.331956
609.000000	1.331963
610.000000	1.331970
611.000000	1.331979
612.000000	1.331988
613.000000	1.331997
614.000000	1.332007
615.000000	1.332015
616.000000	1.332024
617.000000	1.332030
618.000000	1.332036
619.000000	1.332039
620.000000	1.332041
621.000000	1.332039
622.000000	1.332035
623.000000	1.332027
624.000000	1.332016
625.000000	1.332000
626.000000	1.331980
627.000000	1.331956
628.000000	1.331928
629.000000	1.331897
630.000000	1.331863
631.000000	1.331825
632.000000	1.331785
633.000000	1.331743
634.000000	1.331700
635.000000	1.331654
636.000000	1.331607
637.000000	1.331560
638.000000	1.331511
639.000000	1.331463
640.000000	1.331414
641.000000	1.331366
642.000000	1.331318
643.000000	1.331272
644.000000	1.331227
645.000000	1.331183
646.000000	1.331141
647.000000	1.331102
648.000000	1.331065
649.000000	1.331031
650.000000	1.331000
651.000000	1.330973
652.000000	1.330949
653.000000	1.330928
654.000000	1.330910
655.000000	1.330896
656.000000	1.330884
657.000000	1.330875
658.000000	1.330868
659.000000	1.330864
660.000000	1.330862
661.000000	1.330862
662.000000	1.330864
663.000000	1.330868
664.000000	1.330873
665.000000	1.330880
666.000000	1.330888
667.000000	1.330898
668.000000	1.330908
669.000000	1.330920
670.000000	1.330932
671.000000	1.330945
672.000000	1.330958
673.000000	1.330972
674.000000	1.330986
675.000000	1.331000
676.000000	1.331014
677.000000	1.331028
678.000000	1.331041
679.000000	1.331054
680.000000	1.331066
681.000000	1.331078
682.000000	1.331089
683.000000	1.331098
684.000000	1.331107
685.000000	1.331115
686.000000	1.331121
687.000000	1.331126
688.000000	1.331129
689.000000	1.331130
690.000000	1.331130
691.000000	1.331128
692.000000	1.331124
693.000000	1.331117
694.000000	1.331108
695.000000	1.331097
696.000000	1.331083
697.000000	1.331067
698.000000	1.331047
699.000000	1.331025
700.000000	1.331000
701.000000	1.330972
702.000000	1.330940
703.000000	1.330906
704.000000	1.330870
705.000000	1.330831
706.000000	1.330791
707.000000	1.330749
708.000000	1.330705
709.000000	1.330661
710.000000	1.330615
711.000000	1.330569
712.000000	1.330523
713.000000	1.330476
714.000000	1.330430
715.000000	1.330383
716.000000	1.330338
717.000000	1.330293
718.000000	1.330250
719.000000	1.330208
720.000000	1.330168
721.000000	1.330129
722.000000	1.330093
723.000000	1.330059
724.000000	1.330028
725.000000	1.330000
726.000000	1.329975
727.000000	1.329953
728.000000	1.329934
729.000000	1.329918
730.000000	1.329904
731.000000	1.329893
732.000000	1.329885
733.000000	1.329878
734.000000	1.329874
735.000000	1.329872
736.000000	1.329872
737.000000	1.329874
738.000000	1.329877
739.000000	1.329882
740.000000	1.329888
741.000000	1.329896
742.000000	1.329904
743.000000	1.329914
744.000000	1.329925
745.000000	1.329936
746.000000	1.329948
747.000000	1.329961
748.000000	1.329974
749.000000	1.329987
750.000000	1.330000
751.000000	1.330013
752.000000	1.330026
753.000000	1.330039
754.000000	1.330052
755.000000	1.330064
756.000000	1.330075
757.000000	1.330086
758.000000	1.330096
759.000000	1.330104
760.000000	1.330112
761.000000	1.330118
762.000000	1.330123
763.000000	1.330126
764.000000	1.330128
765.000000	1.330128
766.000000	1.330126
767.000000	1.330122
768.000000	1.330116
769.000000	1.330107
770.000000	1.330096
771.000000	1.330082
772.000000	1.330066
773.000000	1.330047
774.000000	1.330025
775.000000	1.330000
776.000000	1.329972
777.000000	1.329941
778.000000	1.329907
779.000000	1.329870
780.000000	1.329832
781.000000	1.329792
782.000000	1.329750
783.000000	1.329706
784.000000	1.329662
785.000000	1.329616
786.000000	1.329570
787.000000	1.329523
788.000000	1.329477
789.000000	1.329430
790.000000	1.329384
791.000000	1.329339
792.000000	1.329294
793.000000	1.329250
794.000000	1.329208
795.000000	1.329168
796.000000	1.329130
797.000000	1.329093
798.000000	1.329059
799.000000	1.329028
800.000000	1.329000
801.000000	1.328975
802.000000	1.328953
803.000000	1.328934
804.000000	1.328918
805.000000	1.328904
806.000000	1.328893
807.000000	1.328884
808.000000	1.328878
809.000000	1.328874
810.000000	1.328872
811.000000	1.328872
812.000000	1.328874
813.000000	1.328877
814.000000	1.328882
815.000000	1.328888
816.000000	1.328896
817.000000	1.328904
818.000000	1.328914
819.000000	1.328925
820.000000	1.328936
821.000000	1.328948
822.000000	1.328961
823.000000	1.328974
824.000000	1.328987
825.000000	1.329000
826.000000	1.329013
827.000000	1.329026
828.000000	1.329039
829.000000	1.329052
830.000000	1.329064
831.000000	1.329075
832.000000	1.329086
833.000000	1.329096
834.000000	1.329104
835.000000	1.329112
836.000000	1.329118
837.000000	1.329123
838.000000	1.329126
839.000000	1.329128
840.000000	1.329128
841.000000	1.329126
842.000000	1.329122
843.000000	1.329116
844.000000	1.329107
845.000000	1.329096
846.000000	1.329082
847.000000	1.329066
848.000000	1.329047
849.000000	1.329025
850.000000	1.329000
