300	1.3822037
301	1.3819359
302	1.3816708
303	1.3814085
304	1.3811489
305	1.380892
306	1.3806378
307	1.3803861
308	1.380137
309	1.3798904
310	1.3796464
311	1.3794048
312	1.3791657
313	1.3789289
314	1.3786946
315	1.3784625
316	1.3782328
317	1.3780054
318	1.3777802
319	1.3775573
320	1.3773366
321	1.377118
322	1.3769015
323	1.3766872
324	1.376475
325	1.3762648
326	1.3760567
327	1.3758505
328	1.3756464
329	1.3754442
330	1.375244
331	1.3750456
332	1.3748492
333	1.3746546
334	1.3744619
335	1.3742709
336	1.3740818
337	1.3738945
338	1.3737089
339	1.373525
340	1.3733429
341	1.3731624
342	1.3729836
343	1.3728065
344	1.372631
345	1.3724571
346	1.3722848
347	1.372114
348	1.3719449
349	1.3717772
350	1.3716111
351	1.3714465
352	1.3712834
353	1.3711217
354	1.3709615
355	1.3708027
356	1.3706453
357	1.3704894
358	1.3703348
359	1.3701816
360	1.3700297
361	1.3698792
362	1.36973
363	1.3695821
364	1.3694355
365	1.3692901
366	1.3691461
367	1.3690033
368	1.3688617
369	1.3687213
370	1.3685822
371	1.3684442
372	1.3683074
373	1.3681718
374	1.3680374
375	1.3679041
376	1.3677719
377	1.3676408
378	1.3675108
379	1.367382
380	1.3672542
381	1.3671275
382	1.3670018
383	1.3668772
384	1.3667537
385	1.3666311
386	1.3665096
387	1.366389
388	1.3662695
389	1.366151
390	1.3660334
391	1.3659167
392	1.3658011
393	1.3656863
394	1.3655725
395	1.3654597
396	1.3653477
397	1.3652366
398	1.3651265
399	1.3650172
400	1.3649088
401	1.3648012
402	1.3646945
403	1.3645887
404	1.3644837
405	1.3643795
406	1.3642762
407	1.3641737
408	1.3640719
409	1.363971
410	1.3638709
411	1.3637715
412	1.3636729
413	1.3635751
414	1.3634781
415	1.3633818
416	1.3632862
417	1.3631914
418	1.3630973
419	1.3630039
420	1.3629113
421	1.3628193
422	1.3627281
423	1.3626375
424	1.3625476
425	1.3624584
426	1.3623699
427	1.3622821
428	1.3621949
429	1.3621084
430	1.3620225
431	1.3619372
432	1.3618526
433	1.3617687
434	1.3616853
435	1.3616026
436	1.3615205
437	1.3614389
438	1.361358
439	1.3612777
440	1.361198
441	1.3611188
442	1.3610403
443	1.3609623
444	1.3608848
445	1.360808
446	1.3607317
447	1.3606559
448	1.3605807
449	1.360506
450	1.3604319
451	1.3603583
452	1.3602852
453	1.3602127
454	1.3601406
455	1.3600691
456	1.3599981
457	1.3599276
458	1.3598576
459	1.3597881
460	1.3597191
461	1.3596505
462	1.3595825
463	1.3595149
464	1.3594478
465	1.3593811
466	1.3593149
467	1.3592492
468	1.359184
469	1.3591192
470	1.3590548
471	1.3589909
472	1.3589274
473	1.3588644
474	1.3588018
475	1.3587396
476	1.3586778
477	1.3586165
478	1.3585556
479	1.3584951
480	1.358435
481	1.3583753
482	1.358316
483	1.3582571
484	1.3581986
485	1.3581405
486	1.3580828
487	1.3580255
488	1.3579686
489	1.357912
490	1.3578559
491	1.3578001
492	1.3577446
493	1.3576896
494	1.3576349
495	1.3575805
496	1.3575265
497	1.3574729
498	1.3574196
499	1.3573667
500	1.3573141
501	1.3572619
502	1.35721
503	1.3571584
504	1.3571072
505	1.3570563
506	1.3570057
507	1.3569555
508	1.3569056
509	1.356856
510	1.3568067
511	1.3567577
512	1.3567091
513	1.3566608
514	1.3566127
515	1.356565
516	1.3565176
517	1.3564705
518	1.3564237
519	1.3563771
520	1.3563309
521	1.356285
522	1.3562393
523	1.356194
524	1.3561489
525	1.3561041
526	1.3560596
527	1.3560153
528	1.3559714
529	1.3559277
530	1.3558843
531	1.3558411
532	1.3557983
533	1.3557556
534	1.3557133
535	1.3556712
536	1.3556294
537	1.3555878
538	1.3555465
539	1.3555054
540	1.3554646
541	1.355424
542	1.3553837
543	1.3553436
544	1.3553038
545	1.3552642
546	1.3552248
547	1.3551857
548	1.3551468
549	1.3551082
550	1.3550698
551	1.3550316
552	1.3549936
553	1.3549559
554	1.3549184
555	1.3548811
556	1.3548441
557	1.3548072
558	1.3547706
559	1.3547342
560	1.354698
561	1.3546621
562	1.3546263
563	1.3545908
564	1.3545554
565	1.3545203
566	1.3544854
567	1.3544506
568	1.3544161
569	1.3543818
570	1.3543477
571	1.3543138
572	1.35428
573	1.3542465
574	1.3542132
575	1.35418
576	1.3541471
577	1.3541143
578	1.3540818
579	1.3540494
580	1.3540172
581	1.3539852
582	1.3539533
583	1.3539217
584	1.3538902
585	1.3538589
586	1.3538278
587	1.3537969
588	1.3537661
589	1.3537356
590	1.3537051
591	1.3536749
592	1.3536448
593	1.3536149
594	1.3535852
595	1.3535556
596	1.3535262
597	1.353497
598	1.3534679
599	1.353439
600	1.3534103
601	1.3533817
602	1.3533533
603	1.353325
604	1.3532969
605	1.3532689
606	1.3532411
607	1.3532135
608	1.353186
609	1.3531586
610	1.3531314
611	1.3531044
612	1.3530775
613	1.3530507
614	1.3530241
615	1.3529976
616	1.3529713
617	1.3529452
618	1.3529191
619	1.3528932
620	1.3528675
621	1.3528419
622	1.3528164
623	1.3527911
624	1.3527659
625	1.3527408
626	1.3527159
627	1.3526911
628	1.3526664
629	1.3526419
630	1.3526175
631	1.3525932
632	1.3525691
633	1.3525451
634	1.3525212
635	1.3524974
636	1.3524738
637	1.3524503
638	1.3524269
639	1.3524037
640	1.3523805
641	1.3523575
642	1.3523346
643	1.3523119
644	1.3522892
645	1.3522667
646	1.3522443
647	1.352222
648	1.3521998
649	1.3521777
650	1.3521558
651	1.3521339
652	1.3521122
653	1.3520906
654	1.3520691
655	1.3520477
656	1.3520264
657	1.3520053
658	1.3519842
659	1.3519632
660	1.3519424
661	1.3519217
662	1.351901
663	1.3518805
664	1.3518601
665	1.3518398
666	1.3518196
667	1.3517995
668	1.3517795
669	1.3517595
670	1.3517397
671	1.35172
672	1.3517004
673	1.3516809
674	1.3516615
675	1.3516422
676	1.351623
677	1.3516039
678	1.3515849
679	1.351566
680	1.3515471
681	1.3515284
682	1.3515098
683	1.3514912
684	1.3514728
685	1.3514544
686	1.3514361
687	1.351418
688	1.3513999
689	1.3513819
690	1.351364
691	1.3513461
692	1.3513284
693	1.3513108
694	1.3512932
695	1.3512757
696	1.3512583
697	1.351241
698	1.3512238
699	1.3512067
700	1.3511896
701	1.3511727
702	1.3511558
703	1.351139
704	1.3511223
705	1.3511056
706	1.3510891
707	1.3510726
708	1.3510562
709	1.3510399
710	1.3510237
711	1.3510075
712	1.3509914
713	1.3509754
714	1.3509595
715	1.3509437
716	1.3509279
717	1.3509122
718	1.3508966
719	1.350881
720	1.3508655
721	1.3508501
722	1.3508348
723	1.3508196
724	1.3508044
725	1.3507893
726	1.3507742
727	1.3507593
728	1.3507444
729	1.3507296
730	1.3507148
731	1.3507001
732	1.3506855
733	1.350671
734	1.3506565
735	1.3506421
736	1.3506277
737	1.3506135
738	1.3505993
739	1.3505851
740	1.3505711
741	1.350557
742	1.3505431
743	1.3505292
744	1.3505154
745	1.3505017
746	1.350488
747	1.3504744
748	1.3504608
749	1.3504473
750	1.3504339
751	1.3504205
752	1.3504072
753	1.350394
754	1.3503808
755	1.3503676
756	1.3503546
757	1.3503416
758	1.3503286
759	1.3503157
760	1.3503029
761	1.3502901
762	1.3502774
763	1.3502648
764	1.3502522
765	1.3502397
766	1.3502272
767	1.3502148
768	1.3502024
769	1.3501901
770	1.3501778
771	1.3501656
772	1.3501535
773	1.3501414
774	1.3501294
775	1.3501174
776	1.3501055
777	1.3500936
778	1.3500818
779	1.35007
780	1.3500583
781	1.3500466
782	1.350035
783	1.3500235
784	1.350012
785	1.3500005
786	1.3499891
787	1.3499777
788	1.3499664
789	1.3499552
790	1.349944
791	1.3499328
792	1.3499217
793	1.3499107
794	1.3498997
795	1.3498887
796	1.3498778
797	1.349867
798	1.3498562
799	1.3498454
800	1.3498347
801	1.349824
802	1.3498134
803	1.3498028
804	1.3497923
805	1.3497818
806	1.3497714
807	1.349761
808	1.3497506
809	1.3497403
810	1.3497301
811	1.3497199
812	1.3497097
813	1.3496996
814	1.3496895
815	1.3496795
816	1.3496695
817	1.3496595
818	1.3496496
819	1.3496398
820	1.34963
821	1.3496202
822	1.3496104
823	1.3496007
824	1.3495911
825	1.3495815
826	1.3495719
827	1.3495624
828	1.3495529
829	1.3495435
830	1.3495341
831	1.3495247
832	1.3495154
833	1.3495061
834	1.3494968
835	1.3494876
836	1.3494785
837	1.3494693
838	1.3494602
839	1.3494512
840	1.3494422
841	1.3494332
842	1.3494243
843	1.3494154
844	1.3494065
845	1.3493977
846	1.3493889
847	1.3493802
848	1.3493714
849	1.3493628
850	1.3493541
851	1.3493455
852	1.349337
853	1.3493284
854	1.3493199
855	1.3493115
856	1.349303
857	1.3492947
858	1.3492863
859	1.349278
860	1.3492697
861	1.3492614
862	1.3492532
863	1.349245
864	1.3492369
865	1.3492288
866	1.3492207
867	1.3492127
868	1.3492046
869	1.3491967
870	1.3491887
871	1.3491808
872	1.3491729
873	1.3491651
874	1.3491573
875	1.3491495
876	1.3491417
877	1.349134
878	1.3491263
879	1.3491186
880	1.349111
881	1.3491034
882	1.3490959
883	1.3490883
884	1.3490808
885	1.3490734
886	1.3490659
887	1.3490585
888	1.3490511
889	1.3490438
890	1.3490364
891	1.3490292
892	1.3490219
893	1.3490147
894	1.3490075
895	1.3490003
896	1.3489931
897	1.348986
898	1.3489789
899	1.3489719
900	1.3489648
901	1.3489578
902	1.3489509
903	1.3489439
904	1.348937
905	1.3489301
906	1.3489233
907	1.3489164
908	1.3489096
909	1.3489028
910	1.3488961
911	1.3488893
912	1.3488826
913	1.348876
914	1.3488693
915	1.3488627
916	1.3488561
917	1.3488495
918	1.348843
919	1.3488365
920	1.34883
921	1.3488235
922	1.3488171
923	1.3488107
924	1.3488043
925	1.3487979
926	1.3487916
927	1.3487853
928	1.348779
929	1.3487727
930	1.3487665
931	1.3487603
932	1.3487541
933	1.3487479
934	1.3487418
935	1.3487357
936	1.3487296
937	1.3487235
938	1.3487175
939	1.3487115
940	1.3487055
941	1.3486995
942	1.3486935
943	1.3486876
944	1.3486817
945	1.3486758
946	1.34867
947	1.3486641
948	1.3486583
949	1.3486525
950	1.3486468
951	1.348641
952	1.3486353
953	1.3486296
954	1.3486239
955	1.3486183
956	1.3486126
957	1.348607
958	1.3486014
959	1.3485959
960	1.3485903
961	1.3485848
962	1.3485793
963	1.3485738
964	1.3485683
965	1.3485629
966	1.3485575
967	1.3485521
968	1.3485467
969	1.3485413
970	1.348536
971	1.3485307
972	1.3485254
973	1.3485201
974	1.3485148
975	1.3485096
976	1.3485044
977	1.3484992
978	1.348494
979	1.3484888
980	1.3484837
981	1.3484786
982	1.3484735
983	1.3484684
984	1.3484633
985	1.3484583
986	1.3484533
987	1.3484483
988	1.3484433
989	1.3484383
990	1.3484334
991	1.3484284
992	1.3484235
993	1.3484186
994	1.3484138
995	1.3484089
996	1.3484041
997	1.3483992
998	1.3483944
999	1.3483897
1000	1.3483849
1001	1.3483802
1002	1.3483754
1003	1.3483707
1004	1.348366
1005	1.3483613
1006	1.3483567
1007	1.348352
1008	1.3483474
1009	1.3483428
1010	1.3483382
1011	1.3483336
1012	1.3483291
1013	1.3483246
1014	1.34832
1015	1.3483155
1016	1.348311
1017	1.3483066
1018	1.3483021
1019	1.3482977
1020	1.3482933
1021	1.3482888
1022	1.3482845
1023	1.3482801
1024	1.3482757
1025	1.3482714
1026	1.3482671
1027	1.3482628
1028	1.3482585
1029	1.3482542
1030	1.3482499
1031	1.3482457
1032	1.3482414
1033	1.3482372
1034	1.348233
1035	1.3482288
1036	1.3482247
1037	1.3482205
1038	1.3482164
1039	1.3482123
1040	1.3482082
1041	1.3482041
1042	1.3482
1043	1.3481959
1044	1.3481919
1045	1.3481878
1046	1.3481838
1047	1.3481798
1048	1.3481758
1049	1.3481719
1050	1.3481679
1051	1.348164
1052	1.34816
1053	1.3481561
1054	1.3481522
1055	1.3481483
1056	1.3481444
1057	1.3481406
1058	1.3481367
1059	1.3481329
1060	1.3481291
1061	1.3481253
1062	1.3481215
1063	1.3481177
1064	1.3481139
1065	1.3481102
1066	1.3481064
1067	1.3481027
1068	1.348099
1069	1.3480953
1070	1.3480916
1071	1.348088
1072	1.3480843
1073	1.3480807
1074	1.348077
1075	1.3480734
1076	1.3480698
1077	1.3480662
1078	1.3480626
1079	1.3480591
1080	1.3480555
1081	1.348052
1082	1.3480484
1083	1.3480449
1084	1.3480414
1085	1.3480379
1086	1.3480345
1087	1.348031
1088	1.3480275
1089	1.3480241
1090	1.3480207
1091	1.3480173
1092	1.3480139
1093	1.3480105
1094	1.3480071
1095	1.3480037
1096	1.3480004
1097	1.347997
1098	1.3479937
1099	1.3479904
1100	1.347987
1101	1.3479837
1102	1.3479805
1103	1.3479772
1104	1.3479739
1105	1.3479707
1106	1.3479674
1107	1.3479642
1108	1.347961
1109	1.3479578
1110	1.3479546
1111	1.3479514
1112	1.3479482
1113	1.3479451
1114	1.3479419
1115	1.3479388
1116	1.3479357
1117	1.3479325
1118	1.3479294
1119	1.3479263
1120	1.3479233
1121	1.3479202
1122	1.3479171
1123	1.3479141
1124	1.347911
1125	1.347908
1126	1.347905
1127	1.347902
1128	1.347899
1129	1.347896
1130	1.347893
1131	1.34789
1132	1.3478871
1133	1.3478841
1134	1.3478812
1135	1.3478783
1136	1.3478754
1137	1.3478725
1138	1.3478696
1139	1.3478667
1140	1.3478638
1141	1.3478609
1142	1.3478581
1143	1.3478552
1144	1.3478524
1145	1.3478496
1146	1.3478468
1147	1.3478439
1148	1.3478411
1149	1.3478384
1150	1.3478356
1151	1.3478328
1152	1.3478301
1153	1.3478273
1154	1.3478246
1155	1.3478218
1156	1.3478191
1157	1.3478164
1158	1.3478137
1159	1.347811
1160	1.3478083
1161	1.3478057
1162	1.347803
1163	1.3478003
1164	1.3477977
1165	1.347795
1166	1.3477924
1167	1.3477898
1168	1.3477872
1169	1.3477846
1170	1.347782
1171	1.3477794
1172	1.3477768
1173	1.3477743
1174	1.3477717
1175	1.3477692
1176	1.3477666
1177	1.3477641
1178	1.3477616
1179	1.3477591
1180	1.3477566
1181	1.3477541
1182	1.3477516
1183	1.3477491
1184	1.3477466
1185	1.3477442
1186	1.3477417
1187	1.3477393
1188	1.3477368
1189	1.3477344
1190	1.347732
1191	1.3477296
1192	1.3477271
1193	1.3477247
1194	1.3477224
1195	1.34772
1196	1.3477176
1197	1.3477152
1198	1.3477129
1199	1.3477105
1200	1.3477082
1201	1.3477059
1202	1.3477035
1203	1.3477012
1204	1.3476989
1205	1.3476966
1206	1.3476943
1207	1.347692
1208	1.3476898
1209	1.3476875
1210	1.3476852
1211	1.347683
1212	1.3476807
1213	1.3476785
1214	1.3476762
1215	1.347674
1216	1.3476718
1217	1.3476696
1218	1.3476674
1219	1.3476652
1220	1.347663
1221	1.3476608
1222	1.3476587
1223	1.3476565
1224	1.3476543
1225	1.3476522
1226	1.34765
1227	1.3476479
1228	1.3476458
1229	1.3476436
1230	1.3476415
1231	1.3476394
1232	1.3476373
1233	1.3476352
1234	1.3476331
1235	1.3476311
1236	1.347629
1237	1.3476269
1238	1.3476249
1239	1.3476228
1240	1.3476208
1241	1.3476187
1242	1.3476167
1243	1.3476147
1244	1.3476126
1245	1.3476106
1246	1.3476086
1247	1.3476066
1248	1.3476046
1249	1.3476027
1250	1.3476007
1251	1.3475987
1252	1.3475967
1253	1.3475948
1254	1.3475928
1255	1.3475909
1256	1.3475889
1257	1.347587
1258	1.3475851
1259	1.3475832
1260	1.3475813
1261	1.3475793
1262	1.3475774
1263	1.3475755
1264	1.3475737
1265	1.3475718
1266	1.3475699
1267	1.347568
1268	1.3475662
1269	1.3475643
1270	1.3475625
1271	1.3475606
1272	1.3475588
1273	1.3475569
1274	1.3475551
1275	1.3475533
1276	1.3475515
1277	1.3475497
1278	1.3475479
1279	1.3475461
1280	1.3475443
1281	1.3475425
1282	1.3475407
1283	1.3475389
1284	1.3475372
1285	1.3475354
1286	1.3475337
1287	1.3475319
1288	1.3475302
1289	1.3475284
1290	1.3475267
1291	1.347525
1292	1.3475232
1293	1.3475215
1294	1.3475198
1295	1.3475181
1296	1.3475164
1297	1.3475147
1298	1.347513
1299	1.3475113
1300	1.3475097
1301	1.347508
1302	1.3475063
1303	1.3475047
1304	1.347503
1305	1.3475014
1306	1.3474997
1307	1.3474981
1308	1.3474964
1309	1.3474948
1310	1.3474932
1311	1.3474916
1312	1.34749
1313	1.3474884
1314	1.3474868
1315	1.3474852
1316	1.3474836
1317	1.347482
1318	1.3474804
1319	1.3474788
1320	1.3474773
1321	1.3474757
1322	1.3474741
1323	1.3474726
1324	1.347471
1325	1.3474695
1326	1.3474679
1327	1.3474664
1328	1.3474649
1329	1.3474633
1330	1.3474618
1331	1.3474603
1332	1.3474588
1333	1.3474573
1334	1.3474558
1335	1.3474543
1336	1.3474528
1337	1.3474513
1338	1.3474498
1339	1.3474484
1340	1.3474469
1341	1.3474454
1342	1.347444
1343	1.3474425
1344	1.3474411
1345	1.3474396
1346	1.3474382
1347	1.3474367
1348	1.3474353
1349	1.3474339
1350	1.3474324
1351	1.347431
1352	1.3474296
1353	1.3474282
1354	1.3474268
1355	1.3474254
1356	1.347424
1357	1.3474226
1358	1.3474212
1359	1.3474198
1360	1.3474184
1361	1.3474171
1362	1.3474157
1363	1.3474143
1364	1.347413
1365	1.3474116
1366	1.3474103
1367	1.3474089
1368	1.3474076
1369	1.3474062
1370	1.3474049
1371	1.3474036
1372	1.3474022
1373	1.3474009
1374	1.3473996
1375	1.3473983
1376	1.347397
1377	1.3473957
1378	1.3473944
1379	1.3473931
1380	1.3473918
1381	1.3473905
1382	1.3473892
1383	1.3473879
1384	1.3473867
1385	1.3473854
1386	1.3473841
1387	1.3473829
1388	1.3473816
1389	1.3473803
1390	1.3473791
1391	1.3473778
1392	1.3473766
1393	1.3473754
1394	1.3473741
1395	1.3473729
1396	1.3473717
1397	1.3473704
1398	1.3473692
1399	1.347368
1400	1.3473668
1401	1.3473656
1402	1.3473644
1403	1.3473632
1404	1.347362
1405	1.3473608
1406	1.3473596
1407	1.3473584
1408	1.3473572
1409	1.3473561
1410	1.3473549
1411	1.3473537
1412	1.3473526
1413	1.3473514
1414	1.3473502
1415	1.3473491
1416	1.3473479
1417	1.3473468
1418	1.3473456
1419	1.3473445
1420	1.3473434
1421	1.3473422
1422	1.3473411
1423	1.34734
1424	1.3473389
1425	1.3473377
1426	1.3473366
1427	1.3473355
1428	1.3473344
1429	1.3473333
1430	1.3473322
1431	1.3473311
1432	1.34733
1433	1.3473289
1434	1.3473278
1435	1.3473268
1436	1.3473257
1437	1.3473246
1438	1.3473235
1439	1.3473225
1440	1.3473214
1441	1.3473203
1442	1.3473193
1443	1.3473182
1444	1.3473172
1445	1.3473161
1446	1.3473151
1447	1.347314
1448	1.347313
1449	1.347312
1450	1.3473109
1451	1.3473099
1452	1.3473089
1453	1.3473078
1454	1.3473068
1455	1.3473058
1456	1.3473048
1457	1.3473038
1458	1.3473028
1459	1.3473018
1460	1.3473008
1461	1.3472998
1462	1.3472988
1463	1.3472978
1464	1.3472968
1465	1.3472958
1466	1.3472949
1467	1.3472939
1468	1.3472929
1469	1.3472919
1470	1.347291
1471	1.34729
1472	1.347289
1473	1.3472881
1474	1.3472871
1475	1.3472862
1476	1.3472852
1477	1.3472843
1478	1.3472833
1479	1.3472824
1480	1.3472815
1481	1.3472805
1482	1.3472796
1483	1.3472787
1484	1.3472778
1485	1.3472768
1486	1.3472759
1487	1.347275
1488	1.3472741
1489	1.3472732
1490	1.3472723
1491	1.3472714
1492	1.3472705
1493	1.3472696
1494	1.3472687
1495	1.3472678
1496	1.3472669
1497	1.347266
1498	1.3472651
1499	1.3472642
1500	1.3472633
1501	1.3472625
1502	1.3472616
1503	1.3472607
1504	1.3472599
1505	1.347259
1506	1.3472581
1507	1.3472573
1508	1.3472564
1509	1.3472556
1510	1.3472547
1511	1.3472539
1512	1.347253
1513	1.3472522
1514	1.3472513
1515	1.3472505
1516	1.3472497
1517	1.3472488
1518	1.347248
1519	1.3472472
1520	1.3472464
1521	1.3472455
1522	1.3472447
1523	1.3472439
1524	1.3472431
1525	1.3472423
1526	1.3472415
1527	1.3472407
1528	1.3472399
1529	1.3472391
1530	1.3472383
1531	1.3472375
1532	1.3472367
1533	1.3472359
1534	1.3472351
1535	1.3472343
1536	1.3472335
1537	1.3472328
1538	1.347232
1539	1.3472312
1540	1.3472304
1541	1.3472297
1542	1.3472289
1543	1.3472281
1544	1.3472274
1545	1.3472266
1546	1.3472258
1547	1.3472251
1548	1.3472243
1549	1.3472236
1550	1.3472228
1551	1.3472221
1552	1.3472214
1553	1.3472206
1554	1.3472199
1555	1.3472191
1556	1.3472184
1557	1.3472177
1558	1.3472169
1559	1.3472162
1560	1.3472155
1561	1.3472148
1562	1.347214
1563	1.3472133
1564	1.3472126
1565	1.3472119
1566	1.3472112
1567	1.3472105
1568	1.3472098
1569	1.3472091
1570	1.3472084
1571	1.3472077
1572	1.347207
1573	1.3472063
1574	1.3472056
1575	1.3472049
1576	1.3472042
1577	1.3472035
1578	1.3472028
1579	1.3472022
1580	1.3472015
1581	1.3472008
1582	1.3472001
1583	1.3471995
1584	1.3471988
1585	1.3471981
1586	1.3471975
1587	1.3471968
1588	1.3471961
1589	1.3471955
1590	1.3471948
1591	1.3471942
1592	1.3471935
1593	1.3471929
1594	1.3471922
1595	1.3471916
1596	1.3471909
1597	1.3471903
1598	1.3471896
1599	1.347189
1600	1.3471884
1601	1.3471877
1602	1.3471871
1603	1.3471865
1604	1.3471858
1605	1.3471852
1606	1.3471846
1607	1.347184
1608	1.3471834
1609	1.3471827
1610	1.3471821
1611	1.3471815
1612	1.3471809
1613	1.3471803
1614	1.3471797
1615	1.3471791
1616	1.3471785
1617	1.3471779
1618	1.3471773
1619	1.3471767
1620	1.3471761
1621	1.3471755
1622	1.3471749
1623	1.3471743
1624	1.3471737
1625	1.3471731
1626	1.3471725
1627	1.347172
1628	1.3471714
1629	1.3471708
1630	1.3471702
1631	1.3471696
1632	1.3471691
1633	1.3471685
1634	1.3471679
1635	1.3471674
1636	1.3471668
1637	1.3471662
1638	1.3471657
1639	1.3471651
1640	1.3471646
1641	1.347164
1642	1.3471634
1643	1.3471629
1644	1.3471623
1645	1.3471618
1646	1.3471612
1647	1.3471607
1648	1.3471602
1649	1.3471596
1650	1.3471591
1651	1.3471585
1652	1.347158
1653	1.3471575
1654	1.3471569
1655	1.3471564
1656	1.3471559
1657	1.3471553
1658	1.3471548
1659	1.3471543
1660	1.3471538
1661	1.3471532
1662	1.3471527
1663	1.3471522
1664	1.3471517
1665	1.3471512
1666	1.3471507
1667	1.3471502
1668	1.3471497
1669	1.3471491
1670	1.3471486
1671	1.3471481
1672	1.3471476
1673	1.3471471
1674	1.3471466
1675	1.3471461
1676	1.3471456
1677	1.3471451
1678	1.3471447
1679	1.3471442
1680	1.3471437
1681	1.3471432
1682	1.3471427
1683	1.3471422
1684	1.3471417
1685	1.3471413
1686	1.3471408
1687	1.3471403
1688	1.3471398
1689	1.3471394
1690	1.3471389
1691	1.3471384
1692	1.3471379
1693	1.3471375
1694	1.347137
1695	1.3471365
1696	1.3471361
1697	1.3471356
1698	1.3471352
1699	1.3471347
1700	1.3471342
1701	1.3471338
1702	1.3471333
1703	1.3471329
1704	1.3471324
1705	1.347132
1706	1.3471315
1707	1.3471311
1708	1.3471306
1709	1.3471302
1710	1.3471298
1711	1.3471293
1712	1.3471289
1713	1.3471284
1714	1.347128
1715	1.3471276
1716	1.3471271
1717	1.3471267
1718	1.3471263
1719	1.3471258
1720	1.3471254
1721	1.347125
1722	1.3471246
1723	1.3471241
1724	1.3471237
1725	1.3471233
1726	1.3471229
1727	1.3471225
1728	1.347122
1729	1.3471216
1730	1.3471212
1731	1.3471208
1732	1.3471204
1733	1.34712
1734	1.3471196
1735	1.3471192
1736	1.3471188
1737	1.3471184
1738	1.347118
1739	1.3471176
1740	1.3471172
1741	1.3471168
1742	1.3471164
1743	1.347116
1744	1.3471156
1745	1.3471152
1746	1.3471148
1747	1.3471144
1748	1.347114
1749	1.3471136
1750	1.3471133
1751	1.3471129
1752	1.3471125
1753	1.3471121
1754	1.3471117
1755	1.3471113
1756	1.347111
1757	1.3471106
1758	1.3471102
1759	1.3471098
1760	1.3471095
1761	1.3471091
1762	1.3471087
1763	1.3471084
1764	1.347108
1765	1.3471076
1766	1.3471073
1767	1.3471069
1768	1.3471065
1769	1.3471062
1770	1.3471058
1771	1.3471055
1772	1.3471051
1773	1.3471047
1774	1.3471044
1775	1.347104
1776	1.3471037
1777	1.3471033
1778	1.347103
1779	1.3471026
1780	1.3471023
1781	1.3471019
1782	1.3471016
1783	1.3471013
1784	1.3471009
1785	1.3471006
1786	1.3471002
1787	1.3470999
1788	1.3470996
1789	1.3470992
1790	1.3470989
1791	1.3470985
1792	1.3470982
1793	1.3470979
1794	1.3470976
1795	1.3470972
1796	1.3470969
1797	1.3470966
1798	1.3470962
1799	1.3470959
1800	1.3470956
1801	1.3470953
1802	1.347095
1803	1.3470946
1804	1.3470943
1805	1.347094
1806	1.3470937
1807	1.3470934
1808	1.347093
1809	1.3470927
1810	1.3470924
1811	1.3470921
1812	1.3470918
1813	1.3470915
1814	1.3470912
1815	1.3470909
1816	1.3470906
1817	1.3470903
1818	1.34709
1819	1.3470897
1820	1.3470894
1821	1.3470891
1822	1.3470888
1823	1.3470885
1824	1.3470882
1825	1.3470879
1826	1.3470876
1827	1.3470873
1828	1.347087
1829	1.3470867
1830	1.3470864
1831	1.3470861
1832	1.3470858
1833	1.3470855
1834	1.3470853
1835	1.347085
1836	1.3470847
1837	1.3470844
1838	1.3470841
1839	1.3470838
1840	1.3470836
1841	1.3470833
1842	1.347083
1843	1.3470827
1844	1.3470825
1845	1.3470822
1846	1.3470819
1847	1.3470816
1848	1.3470814
1849	1.3470811
1850	1.3470808
1851	1.3470806
1852	1.3470803
1853	1.34708
1854	1.3470798
1855	1.3470795
1856	1.3470792
1857	1.347079
1858	1.3470787
1859	1.3470784
1860	1.3470782
1861	1.3470779
1862	1.3470777
1863	1.3470774
1864	1.3470772
1865	1.3470769
1866	1.3470767
1867	1.3470764
1868	1.3470761
1869	1.3470759
1870	1.3470756
1871	1.3470754
1872	1.3470751
1873	1.3470749
1874	1.3470747
1875	1.3470744
1876	1.3470742
1877	1.3470739
1878	1.3470737
1879	1.3470734
1880	1.3470732
1881	1.347073
1882	1.3470727
1883	1.3470725
1884	1.3470722
1885	1.347072
1886	1.3470718
1887	1.3470715
1888	1.3470713
1889	1.3470711
1890	1.3470708
1891	1.3470706
1892	1.3470704
1893	1.3470702
1894	1.3470699
1895	1.3470697
1896	1.3470695
1897	1.3470692
1898	1.347069
1899	1.3470688
1900	1.3470686
1901	1.3470684
1902	1.3470681
1903	1.3470679
1904	1.3470677
1905	1.3470675
1906	1.3470673
1907	1.347067
1908	1.3470668
1909	1.3470666
1910	1.3470664
1911	1.3470662
1912	1.347066
1913	1.3470658
1914	1.3470655
1915	1.3470653
1916	1.3470651
1917	1.3470649
1918	1.3470647
1919	1.3470645
1920	1.3470643
1921	1.3470641
1922	1.3470639
1923	1.3470637
1924	1.3470635
1925	1.3470633
1926	1.3470631
1927	1.3470629
1928	1.3470627
1929	1.3470625
1930	1.3470623
1931	1.3470621
1932	1.3470619
1933	1.3470617
1934	1.3470615
1935	1.3470613
1936	1.3470611
1937	1.3470609
1938	1.3470607
1939	1.3470606
1940	1.3470604
1941	1.3470602
1942	1.34706
1943	1.3470598
1944	1.3470596
1945	1.3470594
1946	1.3470592
1947	1.3470591
1948	1.3470589
1949	1.3470587
1950	1.3470585
1951	1.3470583
1952	1.3470582
1953	1.347058
1954	1.3470578
1955	1.3470576
1956	1.3470574
1957	1.3470573
1958	1.3470571
1959	1.3470569
1960	1.3470567
1961	1.3470566
1962	1.3470564
1963	1.3470562
1964	1.347056
1965	1.3470559
1966	1.3470557
1967	1.3470555
1968	1.3470554
1969	1.3470552
1970	1.347055
1971	1.3470549
1972	1.3470547
1973	1.3470545
1974	1.3470544
1975	1.3470542
1976	1.3470541
1977	1.3470539
1978	1.3470537
1979	1.3470536
1980	1.3470534
1981	1.3470532
1982	1.3470531
1983	1.3470529
1984	1.3470528
1985	1.3470526
1986	1.3470525
1987	1.3470523
1988	1.3470522
1989	1.347052
1990	1.3470518
1991	1.3470517
1992	1.3470515
1993	1.3470514
1994	1.3470512
1995	1.3470511
1996	1.3470509
1997	1.3470508
1998	1.3470507
1999	1.3470505
2000	1.3470504
