300.000000	1.888145
301.000000	1.889085
302.000000	1.889822
303.000000	1.890386
304.000000	1.890814
305.000000	1.891144
306.000000	1.891413
307.000000	1.891660
308.000000	1.891922
309.000000	1.892237
310.000000	1.892642
311.000000	1.893175
312.000000	1.893843
313.000000	1.894600
314.000000	1.895394
315.000000	1.896176
316.000000	1.896893
317.000000	1.897495
318.000000	1.897932
319.000000	1.898152
320.000000	1.898105
321.000000	1.897743
322.000000	1.897068
323.000000	1.896121
324.000000	1.894945
325.000000	1.893579
326.000000	1.892068
327.000000	1.890451
328.000000	1.888772
329.000000	1.887071
330.000000	1.885391
331.000000	1.883773
332.000000	1.882257
333.000000	1.880860
334.000000	1.879567
335.000000	1.878367
336.000000	1.877247
337.000000	1.876192
338.000000	1.875192
339.000000	1.874231
340.000000	1.873298
341.000000	1.872379
342.000000	1.871462
343.000000	1.870534
344.000000	1.869602
345.000000	1.868692
346.000000	1.867830
347.000000	1.867043
348.000000	1.866358
349.000000	1.865801
350.000000	1.865399
351.000000	1.865178
352.000000	1.865165
353.000000	1.865387
354.000000	1.865870
355.000000	1.866637
356.000000	1.867682
357.000000	1.868988
358.000000	1.870536
359.000000	1.872307
360.000000	1.874284
361.000000	1.876448
362.000000	1.878780
363.000000	1.881264
364.000000	1.883879
365.000000	1.886609
366.000000	1.889434
367.000000	1.892337
368.000000	1.895298
369.000000	1.898302
370.000000	1.901330
371.000000	1.904370
372.000000	1.907403
373.000000	1.910416
374.000000	1.913393
375.000000	1.916318
376.000000	1.919176
377.000000	1.921951
378.000000	1.924628
379.000000	1.927191
380.000000	1.929625
381.000000	1.931914
382.000000	1.934044
383.000000	1.936012
384.000000	1.937825
385.000000	1.939495
386.000000	1.941030
387.000000	1.942439
388.000000	1.943733
389.000000	1.944921
390.000000	1.946012
391.000000	1.947015
392.000000	1.947941
393.000000	1.948799
394.000000	1.949597
395.000000	1.950347
396.000000	1.951056
397.000000	1.951735
398.000000	1.952392
399.000000	1.953030
400.000000	1.953646
401.000000	1.954235
402.000000	1.954795
403.000000	1.955322
404.000000	1.955812
405.000000	1.956262
406.000000	1.956669
407.000000	1.957029
408.000000	1.957339
409.000000	1.957595
410.000000	1.957793
411.000000	1.957931
412.000000	1.958005
413.000000	1.958012
414.000000	1.957947
415.000000	1.957812
416.000000	1.957608
417.000000	1.957337
418.000000	1.957000
419.000000	1.956600
420.000000	1.956138
421.000000	1.955615
422.000000	1.955035
423.000000	1.954398
424.000000	1.953706
425.000000	1.952961
426.000000	1.952166
427.000000	1.951321
428.000000	1.950428
429.000000	1.949489
430.000000	1.948507
431.000000	1.947482
432.000000	1.946415
433.000000	1.945301
434.000000	1.944138
435.000000	1.942923
436.000000	1.941652
437.000000	1.940322
438.000000	1.938930
439.000000	1.937473
440.000000	1.935948
441.000000	1.934351
442.000000	1.932680
443.000000	1.930930
444.000000	1.929099
445.000000	1.927184
446.000000	1.925182
447.000000	1.923089
448.000000	1.920902
449.000000	1.918618
450.000000	1.916234
451.000000	1.913747
452.000000	1.911154
453.000000	1.908463
454.000000	1.905679
455.000000	1.902809
456.000000	1.899858
457.000000	1.896834
458.000000	1.893742
459.000000	1.890590
460.000000	1.887383
461.000000	1.884129
462.000000	1.880832
463.000000	1.877501
464.000000	1.874140
465.000000	1.870757
466.000000	1.867359
467.000000	1.863950
468.000000	1.860538
469.000000	1.857130
470.000000	1.853730
471.000000	1.850347
472.000000	1.846987
473.000000	1.843667
474.000000	1.840409
475.000000	1.837240
476.000000	1.834181
477.000000	1.831259
478.000000	1.828495
479.000000	1.825916
480.000000	1.823544
481.000000	1.821403
482.000000	1.819519
483.000000	1.817914
484.000000	1.816613
485.000000	1.815640
486.000000	1.815019
487.000000	1.814773
488.000000	1.814928
489.000000	1.815507
490.000000	1.816533
491.000000	1.818032
492.000000	1.820027
493.000000	1.822542
494.000000	1.825602
495.000000	1.829229
496.000000	1.833449
497.000000	1.838276
498.000000	1.843692
499.000000	1.849678
500.000000	1.856213
501.000000	1.863273
502.000000	1.870839
503.000000	1.878890
504.000000	1.887403
505.000000	1.896357
506.000000	1.905732
507.000000	1.915506
508.000000	1.925658
509.000000	1.936166
510.000000	1.947009
511.000000	1.958166
512.000000	1.969616
513.000000	1.981337
514.000000	1.993308
515.000000	2.005507
516.000000	2.017914
517.000000	2.030508
518.000000	2.043266
519.000000	2.056167
520.000000	2.069191
521.000000	2.082316
522.000000	2.095525
523.000000	2.108808
524.000000	2.122160
525.000000	2.135574
526.000000	2.149046
527.000000	2.162567
528.000000	2.176133
529.000000	2.189736
530.000000	2.203371
531.000000	2.217031
532.000000	2.230711
533.000000	2.244404
534.000000	2.258104
535.000000	2.271804
536.000000	2.285499
537.000000	2.299182
538.000000	2.312848
539.000000	2.326489
540.000000	2.340100
541.000000	2.353675
542.000000	2.367206
543.000000	2.380689
544.000000	2.394117
545.000000	2.407484
546.000000	2.420783
547.000000	2.434008
548.000000	2.447154
549.000000	2.460213
550.000000	2.473185
551.000000	2.486071
552.000000	2.498876
553.000000	2.511602
554.000000	2.524254
555.000000	2.536834
556.000000	2.549346
557.000000	2.561793
558.000000	2.574179
559.000000	2.586506
560.000000	2.598779
561.000000	2.611001
562.000000	2.623175
563.000000	2.635305
564.000000	2.647393
565.000000	2.659444
566.000000	2.671460
567.000000	2.683445
568.000000	2.695403
569.000000	2.707336
570.000000	2.719249
571.000000	2.731144
572.000000	2.743025
573.000000	2.754896
574.000000	2.766759
575.000000	2.778618
576.000000	2.790477
577.000000	2.802338
578.000000	2.814206
579.000000	2.826083
580.000000	2.837973
581.000000	2.849880
582.000000	2.861806
583.000000	2.873755
584.000000	2.885724
585.000000	2.897712
586.000000	2.909715
587.000000	2.921731
588.000000	2.933756
589.000000	2.945789
590.000000	2.957825
591.000000	2.969863
592.000000	2.981900
593.000000	2.993932
594.000000	3.005958
595.000000	3.017974
596.000000	3.029977
597.000000	3.041965
598.000000	3.053935
599.000000	3.065884
600.000000	3.077809
601.000000	3.089708
602.000000	3.101577
603.000000	3.113415
604.000000	3.125217
605.000000	3.136982
606.000000	3.148707
607.000000	3.160389
608.000000	3.172024
609.000000	3.183611
610.000000	3.195146
611.000000	3.206626
612.000000	3.218050
613.000000	3.229414
614.000000	3.240715
615.000000	3.251950
616.000000	3.263117
617.000000	3.274213
618.000000	3.285237
619.000000	3.296189
620.000000	3.307070
621.000000	3.317884
622.000000	3.328630
623.000000	3.339310
624.000000	3.349926
625.000000	3.360479
626.000000	3.370971
627.000000	3.381403
628.000000	3.391776
629.000000	3.402093
630.000000	3.412354
631.000000	3.422561
632.000000	3.432716
633.000000	3.442819
634.000000	3.452873
635.000000	3.462879
636.000000	3.472838
637.000000	3.482751
638.000000	3.492621
639.000000	3.502449
640.000000	3.512235
641.000000	3.521983
642.000000	3.531692
643.000000	3.541365
644.000000	3.551003
645.000000	3.560607
646.000000	3.570179
647.000000	3.579721
648.000000	3.589233
649.000000	3.598718
650.000000	3.608176
651.000000	3.617609
652.000000	3.627020
653.000000	3.636408
654.000000	3.645776
655.000000	3.655125
656.000000	3.664456
657.000000	3.673772
658.000000	3.683073
659.000000	3.692361
660.000000	3.701637
661.000000	3.710902
662.000000	3.720156
663.000000	3.729399
664.000000	3.738632
665.000000	3.747853
666.000000	3.757063
667.000000	3.766262
668.000000	3.775450
669.000000	3.784627
670.000000	3.793793
671.000000	3.802947
672.000000	3.812091
673.000000	3.821223
674.000000	3.830344
675.000000	3.839453
676.000000	3.848552
677.000000	3.857639
678.000000	3.866714
679.000000	3.875779
680.000000	3.884831
681.000000	3.893873
682.000000	3.902903
683.000000	3.911922
684.000000	3.920929
685.000000	3.929924
686.000000	3.938908
687.000000	3.947881
688.000000	3.956841
689.000000	3.965791
690.000000	3.974728
691.000000	3.983654
692.000000	3.992568
693.000000	4.001471
694.000000	4.010362
695.000000	4.019241
696.000000	4.028108
697.000000	4.036963
698.000000	4.045807
699.000000	4.054639
700.000000	4.063459
701.000000	4.072266
702.000000	4.081062
703.000000	4.089846
704.000000	4.098618
705.000000	4.107379
706.000000	4.116127
707.000000	4.124863
708.000000	4.133588
709.000000	4.142301
710.000000	4.151003
711.000000	4.159694
712.000000	4.168374
713.000000	4.177043
714.000000	4.185701
715.000000	4.194350
716.000000	4.202987
717.000000	4.211615
718.000000	4.220233
719.000000	4.228841
720.000000	4.237440
721.000000	4.246029
722.000000	4.254608
723.000000	4.263179
724.000000	4.271741
725.000000	4.280294
726.000000	4.288838
727.000000	4.297374
728.000000	4.305902
729.000000	4.314421
730.000000	4.322933
731.000000	4.331437
732.000000	4.339933
733.000000	4.348422
734.000000	4.356903
735.000000	4.365378
736.000000	4.373846
737.000000	4.382306
738.000000	4.390761
739.000000	4.399208
740.000000	4.407650
741.000000	4.416085
742.000000	4.424515
743.000000	4.432939
744.000000	4.441357
745.000000	4.449770
746.000000	4.458177
747.000000	4.466580
748.000000	4.474977
749.000000	4.483370
750.000000	4.491758
751.000000	4.500142
752.000000	4.508521
753.000000	4.516897
754.000000	4.525268
755.000000	4.533636
756.000000	4.542000
757.000000	4.550361
758.000000	4.558718
759.000000	4.567072
760.000000	4.575423
761.000000	4.583771
762.000000	4.592116
763.000000	4.600458
764.000000	4.608797
765.000000	4.617134
766.000000	4.625467
767.000000	4.633798
768.000000	4.642127
769.000000	4.650453
770.000000	4.658777
771.000000	4.667099
772.000000	4.675418
773.000000	4.683736
774.000000	4.692051
775.000000	4.700365
776.000000	4.708677
777.000000	4.716987
778.000000	4.725295
779.000000	4.733602
780.000000	4.741907
781.000000	4.750211
782.000000	4.758513
783.000000	4.766814
784.000000	4.775115
785.000000	4.783414
786.000000	4.791712
787.000000	4.800009
788.000000	4.808305
789.000000	4.816601
790.000000	4.824895
791.000000	4.833190
792.000000	4.841484
793.000000	4.849777
794.000000	4.858070
795.000000	4.866363
796.000000	4.874656
797.000000	4.882948
798.000000	4.891241
799.000000	4.899534
800.000000	4.907827
801.000000	4.916120
802.000000	4.924414
803.000000	4.932708
804.000000	4.941002
805.000000	4.949297
806.000000	4.957593
807.000000	4.965889
808.000000	4.974187
809.000000	4.982485
810.000000	4.990785
811.000000	4.999085
812.000000	5.007387
813.000000	5.015689
814.000000	5.023994
815.000000	5.032299
816.000000	5.040607
817.000000	5.048915
818.000000	5.057226
819.000000	5.065538
820.000000	5.073852
821.000000	5.082168
822.000000	5.090486
823.000000	5.098806
824.000000	5.107128
825.000000	5.115450
826.000000	5.123774
827.000000	5.132098
828.000000	5.140424
829.000000	5.148749
830.000000	5.157074
831.000000	5.165400
832.000000	5.173725
833.000000	5.182049
834.000000	5.190372
835.000000	5.198694
836.000000	5.207015
837.000000	5.215334
838.000000	5.223651
839.000000	5.231965
840.000000	5.240278
841.000000	5.248588
842.000000	5.256894
843.000000	5.265198
844.000000	5.273498
845.000000	5.281795
846.000000	5.290087
847.000000	5.298376
848.000000	5.306660
849.000000	5.314939
850.000000	5.323214
851.000000	5.331483
852.000000	5.339747
853.000000	5.348005
854.000000	5.356257
855.000000	5.364503
856.000000	5.372743
857.000000	5.380976
858.000000	5.389202
859.000000	5.397421
860.000000	5.405632
861.000000	5.413836
862.000000	5.422032
863.000000	5.430220
864.000000	5.438399
865.000000	5.446570
866.000000	5.454732
867.000000	5.462885
868.000000	5.471028
869.000000	5.479162
870.000000	5.487286
871.000000	5.495399
872.000000	5.503502
873.000000	5.511595
874.000000	5.519677
875.000000	5.527747
876.000000	5.535806
877.000000	5.543854
878.000000	5.551889
879.000000	5.559913
880.000000	5.567924
881.000000	5.575922
882.000000	5.583908
883.000000	5.591880
884.000000	5.599839
885.000000	5.607785
886.000000	5.615716
887.000000	5.623634
888.000000	5.631537
889.000000	5.639425
890.000000	5.647299
891.000000	5.655157
892.000000	5.663000
893.000000	5.670827
894.000000	5.678640
895.000000	5.686437
896.000000	5.694219
897.000000	5.701986
898.000000	5.709739
899.000000	5.717478
900.000000	5.725203
901.000000	5.732914
902.000000	5.740613
903.000000	5.748297
904.000000	5.755969
905.000000	5.763629
906.000000	5.771276
907.000000	5.778911
908.000000	5.786534
909.000000	5.794145
910.000000	5.801745
911.000000	5.809333
912.000000	5.816911
913.000000	5.824478
914.000000	5.832035
915.000000	5.839582
916.000000	5.847119
917.000000	5.854646
918.000000	5.862163
919.000000	5.869672
920.000000	5.877172
921.000000	5.884663
922.000000	5.892145
923.000000	5.899619
924.000000	5.907086
925.000000	5.914545
926.000000	5.921996
927.000000	5.929440
928.000000	5.936878
929.000000	5.944308
930.000000	5.951732
931.000000	5.959151
932.000000	5.966563
933.000000	5.973969
934.000000	5.981370
935.000000	5.988766
936.000000	5.996157
937.000000	6.003543
938.000000	6.010925
939.000000	6.018302
940.000000	6.025676
941.000000	6.033046
942.000000	6.040413
943.000000	6.047776
944.000000	6.055136
945.000000	6.062494
946.000000	6.069850
947.000000	6.077203
948.000000	6.084554
949.000000	6.091903
950.000000	6.099251
951.000000	6.106598
952.000000	6.113944
953.000000	6.121289
954.000000	6.128634
955.000000	6.135978
956.000000	6.143323
957.000000	6.150668
958.000000	6.158013
959.000000	6.165360
960.000000	6.172707
961.000000	6.180055
962.000000	6.187405
963.000000	6.194757
964.000000	6.202111
965.000000	6.209467
966.000000	6.216826
967.000000	6.224188
968.000000	6.231552
969.000000	6.238920
970.000000	6.246291
971.000000	6.253666
972.000000	6.261046
973.000000	6.268429
974.000000	6.275817
975.000000	6.283210
976.000000	6.290607
977.000000	6.298010
978.000000	6.305419
979.000000	6.312833
980.000000	6.320254
981.000000	6.327680
982.000000	6.335113
983.000000	6.342553
984.000000	6.350000
985.000000	6.357454
986.000000	6.364915
987.000000	6.372384
988.000000	6.379859
989.000000	6.387341
990.000000	6.394831
991.000000	6.402327
992.000000	6.409830
993.000000	6.417339
994.000000	6.424855
995.000000	6.432378
996.000000	6.439907
997.000000	6.447442
998.000000	6.454984
999.000000	6.462531
1000.000000	6.470085
1001.000000	6.477645
1002.000000	6.485211
1003.000000	6.492783
1004.000000	6.500361
1005.000000	6.507944
1006.000000	6.515534
1007.000000	6.523128
1008.000000	6.530729
1009.000000	6.538334
1010.000000	6.545946
1011.000000	6.553562
1012.000000	6.561184
1013.000000	6.568810
1014.000000	6.576442
1015.000000	6.584079
1016.000000	6.591721
1017.000000	6.599368
1018.000000	6.607019
1019.000000	6.614675
1020.000000	6.622336
1021.000000	6.630001
1022.000000	6.637671
1023.000000	6.645345
1024.000000	6.653024
1025.000000	6.660707
1026.000000	6.668394
1027.000000	6.676085
1028.000000	6.683780
1029.000000	6.691479
1030.000000	6.699182
1031.000000	6.706888
1032.000000	6.714599
1033.000000	6.722313
1034.000000	6.730030
1035.000000	6.737752
1036.000000	6.745476
1037.000000	6.753204
1038.000000	6.760935
1039.000000	6.768670
1040.000000	6.776407
1041.000000	6.784148
1042.000000	6.791891
1043.000000	6.799637
1044.000000	6.807387
1045.000000	6.815139
1046.000000	6.822893
1047.000000	6.830650
1048.000000	6.838410
1049.000000	6.846172
1050.000000	6.853937
1051.000000	6.861704
1052.000000	6.869473
1053.000000	6.877244
1054.000000	6.885017
1055.000000	6.892792
1056.000000	6.900570
1057.000000	6.908349
1058.000000	6.916129
1059.000000	6.923912
1060.000000	6.931696
1061.000000	6.939482
1062.000000	6.947269
1063.000000	6.955057
1064.000000	6.962847
1065.000000	6.970638
1066.000000	6.978430
1067.000000	6.986223
1068.000000	6.994018
1069.000000	7.001813
1070.000000	7.009609
1071.000000	7.017406
1072.000000	7.025203
1073.000000	7.033002
1074.000000	7.040800
1075.000000	7.048600
1076.000000	7.056399
1077.000000	7.064199
1078.000000	7.072000
1079.000000	7.079800
1080.000000	7.087601
1081.000000	7.095401
1082.000000	7.103202
1083.000000	7.111002
1084.000000	7.118802
1085.000000	7.126602
1086.000000	7.134402
1087.000000	7.142201
1088.000000	7.150000
1089.000000	7.157798
1090.000000	7.165596
1091.000000	7.173393
1092.000000	7.181189
1093.000000	7.188985
1094.000000	7.196781
1095.000000	7.204575
1096.000000	7.212370
1097.000000	7.220164
1098.000000	7.227957
1099.000000	7.235750
1100.000000	7.243542
1101.000000	7.251333
1102.000000	7.259125
1103.000000	7.266915
1104.000000	7.274705
1105.000000	7.282495
1106.000000	7.290284
1107.000000	7.298073
1108.000000	7.305861
1109.000000	7.313649
1110.000000	7.321436
1111.000000	7.329223
1112.000000	7.337009
1113.000000	7.344795
1114.000000	7.352580
1115.000000	7.360365
1116.000000	7.368149
1117.000000	7.375933
1118.000000	7.383717
1119.000000	7.391500
1120.000000	7.399282
1121.000000	7.407064
1122.000000	7.414846
1123.000000	7.422627
1124.000000	7.430408
1125.000000	7.438189
1126.000000	7.445969
1127.000000	7.453749
1128.000000	7.461528
1129.000000	7.469307
1130.000000	7.477085
1131.000000	7.484863
1132.000000	7.492641
1133.000000	7.500418
1134.000000	7.508195
1135.000000	7.515972
1136.000000	7.523748
1137.000000	7.531523
1138.000000	7.539299
1139.000000	7.547074
1140.000000	7.554849
1141.000000	7.562623
1142.000000	7.570397
1143.000000	7.578171
1144.000000	7.585944
1145.000000	7.593717
1146.000000	7.601490
1147.000000	7.609262
1148.000000	7.617034
1149.000000	7.624806
1150.000000	7.632577
1151.000000	7.640348
1152.000000	7.648119
1153.000000	7.655889
1154.000000	7.663659
1155.000000	7.671429
1156.000000	7.679199
1157.000000	7.686968
1158.000000	7.694737
1159.000000	7.702506
1160.000000	7.710274
1161.000000	7.718042
1162.000000	7.725810
1163.000000	7.733578
1164.000000	7.741345
1165.000000	7.749113
1166.000000	7.756879
1167.000000	7.764646
1168.000000	7.772413
1169.000000	7.780179
1170.000000	7.787945
1171.000000	7.795710
1172.000000	7.803476
1173.000000	7.811241
1174.000000	7.819006
1175.000000	7.826771
1176.000000	7.834536
1177.000000	7.842300
1178.000000	7.850064
1179.000000	7.857828
1180.000000	7.865592
1181.000000	7.873356
1182.000000	7.881119
1183.000000	7.888883
1184.000000	7.896646
1185.000000	7.904409
1186.000000	7.912172
1187.000000	7.919934
1188.000000	7.927697
1189.000000	7.935459
1190.000000	7.943221
1191.000000	7.950983
1192.000000	7.958745
1193.000000	7.966507
1194.000000	7.974269
1195.000000	7.982030
1196.000000	7.989792
1197.000000	7.997553
1198.000000	8.005314
1199.000000	8.013075
1200.000000	8.020836
1201.000000	8.028597
1202.000000	8.036358
1203.000000	8.044118
1204.000000	8.051879
1205.000000	8.059639
1206.000000	8.067400
1207.000000	8.075160
1208.000000	8.082920
1209.000000	8.090680
1210.000000	8.098441
1211.000000	8.106201
1212.000000	8.113961
1213.000000	8.121720
1214.000000	8.129480
1215.000000	8.137240
1216.000000	8.145000
1217.000000	8.152760
1218.000000	8.160519
1219.000000	8.168279
1220.000000	8.176039
1221.000000	8.183798
1222.000000	8.191558
1223.000000	8.199318
1224.000000	8.207077
1225.000000	8.214837
1226.000000	8.222596
1227.000000	8.230356
1228.000000	8.238115
1229.000000	8.245875
1230.000000	8.253634
1231.000000	8.261393
1232.000000	8.269153
1233.000000	8.276912
1234.000000	8.284671
1235.000000	8.292431
1236.000000	8.300190
1237.000000	8.307949
1238.000000	8.315709
1239.000000	8.323468
1240.000000	8.331227
1241.000000	8.338986
1242.000000	8.346746
1243.000000	8.354505
1244.000000	8.362264
1245.000000	8.370023
1246.000000	8.377782
1247.000000	8.385542
1248.000000	8.393301
1249.000000	8.401060
1250.000000	8.408819
1251.000000	8.416579
1252.000000	8.424338
1253.000000	8.432097
1254.000000	8.439856
1255.000000	8.447616
1256.000000	8.455375
1257.000000	8.463134
1258.000000	8.470894
1259.000000	8.478653
1260.000000	8.486412
1261.000000	8.494171
1262.000000	8.501931
1263.000000	8.509690
1264.000000	8.517450
1265.000000	8.525209
1266.000000	8.532968
1267.000000	8.540728
1268.000000	8.548487
1269.000000	8.556247
1270.000000	8.564006
1271.000000	8.571766
1272.000000	8.579526
1273.000000	8.587285
1274.000000	8.595045
1275.000000	8.602805
1276.000000	8.610564
1277.000000	8.618324
1278.000000	8.626084
1279.000000	8.633844
1280.000000	8.641603
1281.000000	8.649363
1282.000000	8.657123
1283.000000	8.664883
1284.000000	8.672643
1285.000000	8.680403
1286.000000	8.688163
1287.000000	8.695924
1288.000000	8.703684
1289.000000	8.711444
1290.000000	8.719204
1291.000000	8.726965
1292.000000	8.734725
1293.000000	8.742486
1294.000000	8.750246
1295.000000	8.758007
1296.000000	8.765767
1297.000000	8.773528
1298.000000	8.781289
1299.000000	8.789049
1300.000000	8.796810
1301.000000	8.804571
1302.000000	8.812332
1303.000000	8.820093
1304.000000	8.827854
1305.000000	8.835616
1306.000000	8.843377
1307.000000	8.851138
1308.000000	8.858900
1309.000000	8.866661
1310.000000	8.874423
1311.000000	8.882184
1312.000000	8.889946
1313.000000	8.897708
1314.000000	8.905469
1315.000000	8.913231
1316.000000	8.920993
1317.000000	8.928755
1318.000000	8.936518
1319.000000	8.944280
1320.000000	8.952042
1321.000000	8.959805
1322.000000	8.967567
1323.000000	8.975330
1324.000000	8.983092
1325.000000	8.990855
1326.000000	8.998618
1327.000000	9.006381
1328.000000	9.014144
1329.000000	9.021907
1330.000000	9.029670
1331.000000	9.037434
1332.000000	9.045197
1333.000000	9.052961
1334.000000	9.060724
1335.000000	9.068488
1336.000000	9.076252
1337.000000	9.084016
1338.000000	9.091780
1339.000000	9.099544
1340.000000	9.107308
1341.000000	9.115073
1342.000000	9.122837
1343.000000	9.130602
1344.000000	9.138367
1345.000000	9.146131
1346.000000	9.153896
1347.000000	9.161661
1348.000000	9.169427
1349.000000	9.177192
1350.000000	9.184957
1351.000000	9.192723
1352.000000	9.200488
1353.000000	9.208254
1354.000000	9.216020
1355.000000	9.223786
1356.000000	9.231552
1357.000000	9.239319
1358.000000	9.247085
1359.000000	9.254852
1360.000000	9.262618
1361.000000	9.270385
1362.000000	9.278152
1363.000000	9.285919
1364.000000	9.293686
1365.000000	9.301454
1366.000000	9.309221
1367.000000	9.316989
1368.000000	9.324757
1369.000000	9.332524
1370.000000	9.340293
1371.000000	9.348061
1372.000000	9.355829
1373.000000	9.363598
1374.000000	9.371366
1375.000000	9.379135
1376.000000	9.386904
1377.000000	9.394673
1378.000000	9.402442
1379.000000	9.410212
1380.000000	9.417981
1381.000000	9.425751
1382.000000	9.433521
1383.000000	9.441291
1384.000000	9.449061
1385.000000	9.456831
1386.000000	9.464602
1387.000000	9.472373
1388.000000	9.480143
1389.000000	9.487914
1390.000000	9.495685
1391.000000	9.503457
1392.000000	9.511228
1393.000000	9.519000
1394.000000	9.526772
1395.000000	9.534544
1396.000000	9.542316
1397.000000	9.550088
1398.000000	9.557861
1399.000000	9.565634
1400.000000	9.573407
1401.000000	9.581180
1402.000000	9.588953
1403.000000	9.596726
1404.000000	9.604500
1405.000000	9.612273
1406.000000	9.620047
1407.000000	9.627822
1408.000000	9.635596
1409.000000	9.643370
1410.000000	9.651145
1411.000000	9.658920
1412.000000	9.666695
1413.000000	9.674470
1414.000000	9.682245
1415.000000	9.690021
1416.000000	9.697796
1417.000000	9.705572
1418.000000	9.713348
1419.000000	9.721124
1420.000000	9.728901
1421.000000	9.736677
1422.000000	9.744454
1423.000000	9.752231
1424.000000	9.760008
1425.000000	9.767785
1426.000000	9.775563
1427.000000	9.783341
1428.000000	9.791118
1429.000000	9.798896
1430.000000	9.806675
1431.000000	9.814453
1432.000000	9.822232
1433.000000	9.830010
1434.000000	9.837789
1435.000000	9.845568
1436.000000	9.853348
1437.000000	9.861127
1438.000000	9.868907
1439.000000	9.876687
1440.000000	9.884467
1441.000000	9.892247
1442.000000	9.900027
1443.000000	9.907808
1444.000000	9.915589
1445.000000	9.923370
1446.000000	9.931151
1447.000000	9.938932
1448.000000	9.946714
1449.000000	9.954495
1450.000000	9.962277
1451.000000	9.970059
1452.000000	9.977842
1453.000000	9.985624
1454.000000	9.993407
1455.000000	10.001190
1456.000000	10.008973
1457.000000	10.016756
1458.000000	10.024539
1459.000000	10.032323
1460.000000	10.040107
1461.000000	10.047891
1462.000000	10.055675
1463.000000	10.063459
1464.000000	10.071244
1465.000000	10.079029
1466.000000	10.086813
1467.000000	10.094599
1468.000000	10.102384
1469.000000	10.110169
1470.000000	10.117955
1471.000000	10.125741
1472.000000	10.133527
1473.000000	10.141313
1474.000000	10.149100
1475.000000	10.156887
1476.000000	10.164673
1477.000000	10.172461
1478.000000	10.180248
1479.000000	10.188035
1480.000000	10.195823
1481.000000	10.203611
1482.000000	10.211399
1483.000000	10.219187
1484.000000	10.226976
1485.000000	10.234764
1486.000000	10.242553
1487.000000	10.250342
1488.000000	10.258131
1489.000000	10.265921
1490.000000	10.273710
1491.000000	10.281500
1492.000000	10.289290
1493.000000	10.297081
1494.000000	10.304871
1495.000000	10.312662
1496.000000	10.320452
1497.000000	10.328244
1498.000000	10.336035
1499.000000	10.343826
1500.000000	10.351618
1501.000000	10.359410
1502.000000	10.367202
1503.000000	10.374994
1504.000000	10.382786
1505.000000	10.390579
1506.000000	10.398372
1507.000000	10.406165
1508.000000	10.413958
1509.000000	10.421752
1510.000000	10.429546
1511.000000	10.437339
1512.000000	10.445134
1513.000000	10.452928
1514.000000	10.460722
1515.000000	10.468517
1516.000000	10.476312
1517.000000	10.484107
1518.000000	10.491902
1519.000000	10.499698
1520.000000	10.507494
1521.000000	10.515290
1522.000000	10.523086
1523.000000	10.530882
1524.000000	10.538679
1525.000000	10.546476
1526.000000	10.554273
1527.000000	10.562070
1528.000000	10.569867
1529.000000	10.577665
1530.000000	10.585463
1531.000000	10.593261
1532.000000	10.601059
1533.000000	10.608858
1534.000000	10.616656
1535.000000	10.624455
1536.000000	10.632254
1537.000000	10.640054
1538.000000	10.647853
1539.000000	10.655653
1540.000000	10.663453
1541.000000	10.671253
1542.000000	10.679054
1543.000000	10.686854
1544.000000	10.694655
1545.000000	10.702456
1546.000000	10.710257
1547.000000	10.718059
1548.000000	10.725861
1549.000000	10.733662
1550.000000	10.741465
1551.000000	10.749267
1552.000000	10.757069
1553.000000	10.764872
1554.000000	10.772675
1555.000000	10.780478
1556.000000	10.788282
1557.000000	10.796086
1558.000000	10.803889
1559.000000	10.811694
1560.000000	10.819498
1561.000000	10.827302
1562.000000	10.835107
1563.000000	10.842912
1564.000000	10.850717
1565.000000	10.858523
1566.000000	10.866328
1567.000000	10.874134
1568.000000	10.881940
1569.000000	10.889747
1570.000000	10.897553
1571.000000	10.905360
1572.000000	10.913167
1573.000000	10.920974
1574.000000	10.928781
1575.000000	10.936589
1576.000000	10.944397
1577.000000	10.952205
1578.000000	10.960013
1579.000000	10.967822
1580.000000	10.975631
1581.000000	10.983440
1582.000000	10.991249
1583.000000	10.999058
1584.000000	11.006868
1585.000000	11.014678
1586.000000	11.022488
1587.000000	11.030298
1588.000000	11.038109
1589.000000	11.045920
1590.000000	11.053731
1591.000000	11.061542
1592.000000	11.069354
1593.000000	11.077165
1594.000000	11.084977
1595.000000	11.092789
1596.000000	11.100602
1597.000000	11.108415
1598.000000	11.116227
1599.000000	11.124040
1600.000000	11.131854
1601.000000	11.139667
1602.000000	11.147481
1603.000000	11.155295
1604.000000	11.163109
1605.000000	11.170924
1606.000000	11.178739
1607.000000	11.186554
1608.000000	11.194369
1609.000000	11.202184
1610.000000	11.210000
1611.000000	11.217816
1612.000000	11.225632
1613.000000	11.233448
1614.000000	11.241265
1615.000000	11.249082
1616.000000	11.256899
1617.000000	11.264716
1618.000000	11.272534
1619.000000	11.280352
1620.000000	11.288170
1621.000000	11.295988
1622.000000	11.303806
1623.000000	11.311625
1624.000000	11.319444
1625.000000	11.327263
1626.000000	11.335083
1627.000000	11.342902
1628.000000	11.350722
1629.000000	11.358543
1630.000000	11.366363
1631.000000	11.374184
1632.000000	11.382005
1633.000000	11.389826
1634.000000	11.397647
1635.000000	11.405469
1636.000000	11.413291
1637.000000	11.421113
1638.000000	11.428935
1639.000000	11.436758
1640.000000	11.444580
1641.000000	11.452403
1642.000000	11.460227
1643.000000	11.468050
1644.000000	11.475874
1645.000000	11.483698
1646.000000	11.491523
1647.000000	11.499347
1648.000000	11.507172
1649.000000	11.514997
1650.000000	11.522822
1651.000000	11.530648
1652.000000	11.538473
1653.000000	11.546299
1654.000000	11.554126
1655.000000	11.561952
1656.000000	11.569779
1657.000000	11.577606
1658.000000	11.585433
1659.000000	11.593261
1660.000000	11.601089
1661.000000	11.608917
1662.000000	11.616745
1663.000000	11.624573
1664.000000	11.632402
1665.000000	11.640231
1666.000000	11.648060
1667.000000	11.655890
1668.000000	11.663720
1669.000000	11.671550
1670.000000	11.679380
1671.000000	11.687210
1672.000000	11.695041
1673.000000	11.702872
1674.000000	11.710703
1675.000000	11.718535
1676.000000	11.726367
1677.000000	11.734199
1678.000000	11.742031
1679.000000	11.749863
1680.000000	11.757696
1681.000000	11.765529
1682.000000	11.773363
1683.000000	11.781196
1684.000000	11.789030
1685.000000	11.796864
1686.000000	11.804698
1687.000000	11.812533
1688.000000	11.820368
1689.000000	11.828203
1690.000000	11.836038
1691.000000	11.843874
1692.000000	11.851710
1693.000000	11.859546
1694.000000	11.867382
1695.000000	11.875219
1696.000000	11.883056
1697.000000	11.890893
1698.000000	11.898730
1699.000000	11.906568
1700.000000	11.914406
1701.000000	11.922244
1702.000000	11.930083
1703.000000	11.937921
1704.000000	11.945760
1705.000000	11.953600
1706.000000	11.961439
1707.000000	11.969279
1708.000000	11.977119
1709.000000	11.984959
1710.000000	11.992800
1711.000000	12.000641
1712.000000	12.008482
1713.000000	12.016323
1714.000000	12.024165
1715.000000	12.032007
1716.000000	12.039849
1717.000000	12.047691
1718.000000	12.055534
1719.000000	12.063377
1720.000000	12.071220
1721.000000	12.079063
1722.000000	12.086907
1723.000000	12.094751
1724.000000	12.102595
1725.000000	12.110440
1726.000000	12.118285
1727.000000	12.126130
1728.000000	12.133975
1729.000000	12.141821
1730.000000	12.149667
1731.000000	12.157513
1732.000000	12.165359
1733.000000	12.173206
1734.000000	12.181053
1735.000000	12.188900
1736.000000	12.196748
1737.000000	12.204596
1738.000000	12.212444
1739.000000	12.220292
1740.000000	12.228141
1741.000000	12.235990
1742.000000	12.243839
1743.000000	12.251688
1744.000000	12.259538
1745.000000	12.267388
1746.000000	12.275238
1747.000000	12.283088
1748.000000	12.290939
1749.000000	12.298790
1750.000000	12.306642
1751.000000	12.314493
1752.000000	12.322345
1753.000000	12.330197
1754.000000	12.338050
1755.000000	12.345903
1756.000000	12.353756
1757.000000	12.361609
1758.000000	12.369462
1759.000000	12.377316
1760.000000	12.385170
1761.000000	12.393025
1762.000000	12.400879
1763.000000	12.408734
1764.000000	12.416589
1765.000000	12.424445
1766.000000	12.432301
1767.000000	12.440157
1768.000000	12.448013
1769.000000	12.455870
1770.000000	12.463727
1771.000000	12.471584
1772.000000	12.479441
1773.000000	12.487299
1774.000000	12.495157
1775.000000	12.503015
1776.000000	12.510874
1777.000000	12.518733
1778.000000	12.526592
1779.000000	12.534451
1780.000000	12.542311
1781.000000	12.550171
1782.000000	12.558032
1783.000000	12.565892
1784.000000	12.573753
1785.000000	12.581614
1786.000000	12.589476
1787.000000	12.597337
1788.000000	12.605199
1789.000000	12.613062
1790.000000	12.620924
1791.000000	12.628787
1792.000000	12.636650
1793.000000	12.644514
1794.000000	12.652377
1795.000000	12.660241
1796.000000	12.668106
1797.000000	12.675970
1798.000000	12.683835
1799.000000	12.691700
1800.000000	12.699566
1801.000000	12.707432
1802.000000	12.715298
1803.000000	12.723164
1804.000000	12.731031
1805.000000	12.738897
1806.000000	12.746765
1807.000000	12.754632
1808.000000	12.762500
1809.000000	12.770368
1810.000000	12.778236
1811.000000	12.786105
1812.000000	12.793974
1813.000000	12.801843
1814.000000	12.809713
1815.000000	12.817583
1816.000000	12.825453
1817.000000	12.833323
1818.000000	12.841194
1819.000000	12.849065
1820.000000	12.856936
1821.000000	12.864808
1822.000000	12.872680
1823.000000	12.880552
1824.000000	12.888425
1825.000000	12.896297
1826.000000	12.904170
1827.000000	12.912044
1828.000000	12.919918
1829.000000	12.927792
1830.000000	12.935666
1831.000000	12.943540
1832.000000	12.951415
1833.000000	12.959291
1834.000000	12.967166
1835.000000	12.975042
1836.000000	12.982918
1837.000000	12.990794
1838.000000	12.998671
1839.000000	13.006548
1840.000000	13.014425
1841.000000	13.022303
1842.000000	13.030181
1843.000000	13.038059
1844.000000	13.045937
1845.000000	13.053816
1846.000000	13.061695
1847.000000	13.069575
1848.000000	13.077454
1849.000000	13.085334
1850.000000	13.093215
1851.000000	13.101095
1852.000000	13.108976
1853.000000	13.116858
1854.000000	13.124739
1855.000000	13.132621
1856.000000	13.140503
1857.000000	13.148385
1858.000000	13.156268
1859.000000	13.164151
1860.000000	13.172035
1861.000000	13.179918
1862.000000	13.187802
1863.000000	13.195687
1864.000000	13.203571
1865.000000	13.211456
1866.000000	13.219341
1867.000000	13.227227
1868.000000	13.235113
1869.000000	13.242999
1870.000000	13.250885
1871.000000	13.258772
1872.000000	13.266659
1873.000000	13.274547
1874.000000	13.282434
1875.000000	13.290322
1876.000000	13.298211
1877.000000	13.306099
1878.000000	13.313988
1879.000000	13.321878
1880.000000	13.329767
1881.000000	13.337657
1882.000000	13.345547
1883.000000	13.353438
1884.000000	13.361329
1885.000000	13.369220
1886.000000	13.377111
1887.000000	13.385003
1888.000000	13.392895
1889.000000	13.400788
1890.000000	13.408680
1891.000000	13.416573
1892.000000	13.424467
1893.000000	13.432360
1894.000000	13.440254
1895.000000	13.448149
1896.000000	13.456043
1897.000000	13.463938
1898.000000	13.471833
1899.000000	13.479729
1900.000000	13.487625
1901.000000	13.495521
1902.000000	13.503418
1903.000000	13.511315
1904.000000	13.519212
1905.000000	13.527109
1906.000000	13.535007
1907.000000	13.542905
1908.000000	13.550804
1909.000000	13.558702
1910.000000	13.566602
1911.000000	13.574501
1912.000000	13.582401
1913.000000	13.590301
1914.000000	13.598201
1915.000000	13.606102
1916.000000	13.614003
1917.000000	13.621904
1918.000000	13.629806
1919.000000	13.637708
1920.000000	13.645610
1921.000000	13.653513
1922.000000	13.661416
1923.000000	13.669319
1924.000000	13.677223
1925.000000	13.685127
1926.000000	13.693031
1927.000000	13.700936
1928.000000	13.708841
1929.000000	13.716746
1930.000000	13.724652
1931.000000	13.732558
1932.000000	13.740464
1933.000000	13.748370
1934.000000	13.756277
1935.000000	13.764185
1936.000000	13.772092
1937.000000	13.780000
1938.000000	13.787908
1939.000000	13.795817
1940.000000	13.803726
1941.000000	13.811635
1942.000000	13.819544
1943.000000	13.827454
1944.000000	13.835365
1945.000000	13.843275
1946.000000	13.851186
1947.000000	13.859097
1948.000000	13.867009
1949.000000	13.874921
1950.000000	13.882833
1951.000000	13.890745
1952.000000	13.898658
1953.000000	13.906571
1954.000000	13.914485
1955.000000	13.922399
1956.000000	13.930313
1957.000000	13.938228
1958.000000	13.946143
1959.000000	13.954058
1960.000000	13.961973
1961.000000	13.969889
1962.000000	13.977805
1963.000000	13.985722
1964.000000	13.993639
1965.000000	14.001556
1966.000000	14.009474
1967.000000	14.017392
1968.000000	14.025310
1969.000000	14.033229
1970.000000	14.041148
1971.000000	14.049067
1972.000000	14.056986
1973.000000	14.064906
1974.000000	14.072827
1975.000000	14.080747
1976.000000	14.088668
1977.000000	14.096590
1978.000000	14.104511
1979.000000	14.112433
1980.000000	14.120356
1981.000000	14.128278
1982.000000	14.136201
1983.000000	14.144125
1984.000000	14.152048
1985.000000	14.159973
1986.000000	14.167897
1987.000000	14.175822
1988.000000	14.183747
1989.000000	14.191672
1990.000000	14.199598
1991.000000	14.207524
1992.000000	14.215451
1993.000000	14.223377
1994.000000	14.231305
1995.000000	14.239232
1996.000000	14.247160
1997.000000	14.255088
1998.000000	14.263017
1999.000000	14.270946
2000.000000	14.278875
