300.000000	1.527265
301.000000	1.530248
302.000000	1.532126
303.000000	1.533047
304.000000	1.533213
305.000000	1.532827
306.000000	1.532092
307.000000	1.531208
308.000000	1.530380
309.000000	1.529809
310.000000	1.529697
311.000000	1.530244
312.000000	1.531503
313.000000	1.533269
314.000000	1.535316
315.000000	1.537417
316.000000	1.539344
317.000000	1.540870
318.000000	1.541767
319.000000	1.541810
320.000000	1.540770
321.000000	1.538436
322.000000	1.534841
323.000000	1.530200
324.000000	1.524737
325.000000	1.518674
326.000000	1.512233
327.000000	1.505638
328.000000	1.499109
329.000000	1.492870
330.000000	1.487144
331.000000	1.482151
332.000000	1.478109
333.000000	1.475084
334.000000	1.472990
335.000000	1.471737
336.000000	1.471235
337.000000	1.471393
338.000000	1.472120
339.000000	1.473325
340.000000	1.474918
341.000000	1.476807
342.000000	1.478903
343.000000	1.481115
344.000000	1.483379
345.000000	1.485652
346.000000	1.487895
347.000000	1.490067
348.000000	1.492129
349.000000	1.494041
350.000000	1.495761
351.000000	1.497251
352.000000	1.498470
353.000000	1.499378
354.000000	1.499934
355.000000	1.500106
356.000000	1.499903
357.000000	1.499358
358.000000	1.498502
359.000000	1.497366
360.000000	1.495982
361.000000	1.494382
362.000000	1.492598
363.000000	1.490660
364.000000	1.488601
365.000000	1.486451
366.000000	1.484243
367.000000	1.482008
368.000000	1.479778
369.000000	1.477581
370.000000	1.475435
371.000000	1.473358
372.000000	1.471368
373.000000	1.469480
374.000000	1.467712
375.000000	1.466081
376.000000	1.464604
377.000000	1.463299
378.000000	1.462182
379.000000	1.461270
380.000000	1.460580
381.000000	1.460130
382.000000	1.459935
383.000000	1.459989
384.000000	1.460263
385.000000	1.460725
386.000000	1.461346
387.000000	1.462094
388.000000	1.462940
389.000000	1.463853
390.000000	1.464803
391.000000	1.465758
392.000000	1.466690
393.000000	1.467566
394.000000	1.468358
395.000000	1.469033
396.000000	1.469563
397.000000	1.469915
398.000000	1.470063
399.000000	1.470005
400.000000	1.469764
401.000000	1.469362
402.000000	1.468821
403.000000	1.468164
404.000000	1.467414
405.000000	1.466593
406.000000	1.465722
407.000000	1.464826
408.000000	1.463925
409.000000	1.463044
410.000000	1.462203
411.000000	1.461425
412.000000	1.460734
413.000000	1.460150
414.000000	1.459695
415.000000	1.459359
416.000000	1.459116
417.000000	1.458941
418.000000	1.458806
419.000000	1.458687
420.000000	1.458557
421.000000	1.458390
422.000000	1.458161
423.000000	1.457843
424.000000	1.457410
425.000000	1.456836
426.000000	1.456095
427.000000	1.455162
428.000000	1.454009
429.000000	1.452612
430.000000	1.450944
431.000000	1.448980
432.000000	1.446719
433.000000	1.444185
434.000000	1.441403
435.000000	1.438396
436.000000	1.435188
437.000000	1.431806
438.000000	1.428272
439.000000	1.424611
440.000000	1.420848
441.000000	1.417007
442.000000	1.413112
443.000000	1.409189
444.000000	1.405260
445.000000	1.401352
446.000000	1.397487
447.000000	1.393691
448.000000	1.389988
449.000000	1.386402
450.000000	1.382958
451.000000	1.379680
452.000000	1.376581
453.000000	1.373636
454.000000	1.370816
455.000000	1.368088
456.000000	1.365424
457.000000	1.362793
458.000000	1.360163
459.000000	1.357505
460.000000	1.354787
461.000000	1.351981
462.000000	1.349054
463.000000	1.345976
464.000000	1.342717
465.000000	1.339247
466.000000	1.335534
467.000000	1.331549
468.000000	1.327260
469.000000	1.322638
470.000000	1.317651
471.000000	1.312270
472.000000	1.306464
473.000000	1.300222
474.000000	1.293544
475.000000	1.286431
476.000000	1.278884
477.000000	1.270904
478.000000	1.262493
479.000000	1.253650
480.000000	1.244378
481.000000	1.234677
482.000000	1.224547
483.000000	1.213991
484.000000	1.203010
485.000000	1.191603
486.000000	1.179773
487.000000	1.167519
488.000000	1.154844
489.000000	1.141748
490.000000	1.128233
491.000000	1.114298
492.000000	1.099946
493.000000	1.085177
494.000000	1.069993
495.000000	1.054393
496.000000	1.038380
497.000000	1.021964
498.000000	1.005182
499.000000	0.988080
500.000000	0.970699
501.000000	0.953085
502.000000	0.935279
503.000000	0.917327
504.000000	0.899271
505.000000	0.881156
506.000000	0.863024
507.000000	0.844919
508.000000	0.826885
509.000000	0.808966
510.000000	0.791204
511.000000	0.773644
512.000000	0.756329
513.000000	0.739303
514.000000	0.722609
515.000000	0.706291
516.000000	0.690392
517.000000	0.674957
518.000000	0.660028
519.000000	0.645649
520.000000	0.631863
521.000000	0.618715
522.000000	0.606232
523.000000	0.594397
524.000000	0.583184
525.000000	0.572566
526.000000	0.562517
527.000000	0.553011
528.000000	0.544022
529.000000	0.535524
530.000000	0.527490
531.000000	0.519895
532.000000	0.512712
533.000000	0.505915
534.000000	0.499478
535.000000	0.493375
536.000000	0.487579
537.000000	0.482065
538.000000	0.476806
539.000000	0.471776
540.000000	0.466949
541.000000	0.462299
542.000000	0.457800
543.000000	0.453425
544.000000	0.449148
545.000000	0.444943
546.000000	0.440785
547.000000	0.436646
548.000000	0.432501
549.000000	0.428324
550.000000	0.424101
551.000000	0.419836
552.000000	0.415534
553.000000	0.411198
554.000000	0.406832
555.000000	0.402442
556.000000	0.398032
557.000000	0.393605
558.000000	0.389166
559.000000	0.384720
560.000000	0.380271
561.000000	0.375822
562.000000	0.371380
563.000000	0.366947
564.000000	0.362528
565.000000	0.358127
566.000000	0.353750
567.000000	0.349399
568.000000	0.345080
569.000000	0.340797
570.000000	0.336554
571.000000	0.332355
572.000000	0.328205
573.000000	0.324108
574.000000	0.320068
575.000000	0.316090
576.000000	0.312179
577.000000	0.308337
578.000000	0.304570
579.000000	0.300883
580.000000	0.297278
581.000000	0.293762
582.000000	0.290337
583.000000	0.287008
584.000000	0.283773
585.000000	0.280629
586.000000	0.277572
587.000000	0.274601
588.000000	0.271711
589.000000	0.268900
590.000000	0.266164
591.000000	0.263501
592.000000	0.260907
593.000000	0.258380
594.000000	0.255916
595.000000	0.253512
596.000000	0.251165
597.000000	0.248872
598.000000	0.246631
599.000000	0.244437
600.000000	0.242288
601.000000	0.240180
602.000000	0.238111
603.000000	0.236078
604.000000	0.234078
605.000000	0.232106
606.000000	0.230161
607.000000	0.228240
608.000000	0.226338
609.000000	0.224454
610.000000	0.222584
611.000000	0.220725
612.000000	0.218873
613.000000	0.217027
614.000000	0.215182
615.000000	0.213336
616.000000	0.211486
617.000000	0.209628
618.000000	0.207760
619.000000	0.205885
620.000000	0.204003
621.000000	0.202115
622.000000	0.200224
623.000000	0.198330
624.000000	0.196434
625.000000	0.194540
626.000000	0.192646
627.000000	0.190757
628.000000	0.188871
629.000000	0.186992
630.000000	0.185120
631.000000	0.183257
632.000000	0.181405
633.000000	0.179564
634.000000	0.177736
635.000000	0.175923
636.000000	0.174126
637.000000	0.172347
638.000000	0.170586
639.000000	0.168846
640.000000	0.167127
641.000000	0.165432
642.000000	0.163761
643.000000	0.162116
644.000000	0.160498
645.000000	0.158910
646.000000	0.157351
647.000000	0.155825
648.000000	0.154331
649.000000	0.152873
650.000000	0.151450
651.000000	0.150064
652.000000	0.148718
653.000000	0.147411
654.000000	0.146147
655.000000	0.144925
656.000000	0.143748
657.000000	0.142617
658.000000	0.141533
659.000000	0.140499
660.000000	0.139514
661.000000	0.138580
662.000000	0.137695
663.000000	0.136858
664.000000	0.136068
665.000000	0.135324
666.000000	0.134625
667.000000	0.133969
668.000000	0.133356
669.000000	0.132784
670.000000	0.132252
671.000000	0.131759
672.000000	0.131304
673.000000	0.130886
674.000000	0.130503
675.000000	0.130155
676.000000	0.129840
677.000000	0.129557
678.000000	0.129306
679.000000	0.129084
680.000000	0.128891
681.000000	0.128725
682.000000	0.128586
683.000000	0.128473
684.000000	0.128383
685.000000	0.128317
686.000000	0.128273
687.000000	0.128249
688.000000	0.128245
689.000000	0.128259
690.000000	0.128291
691.000000	0.128339
692.000000	0.128403
693.000000	0.128480
694.000000	0.128570
695.000000	0.128671
696.000000	0.128783
697.000000	0.128905
698.000000	0.129034
699.000000	0.129171
700.000000	0.129314
701.000000	0.129462
702.000000	0.129613
703.000000	0.129767
704.000000	0.129922
705.000000	0.130078
706.000000	0.130233
707.000000	0.130388
708.000000	0.130544
709.000000	0.130699
710.000000	0.130854
711.000000	0.131010
712.000000	0.131166
713.000000	0.131323
714.000000	0.131480
715.000000	0.131638
716.000000	0.131796
717.000000	0.131956
718.000000	0.132117
719.000000	0.132278
720.000000	0.132441
721.000000	0.132606
722.000000	0.132771
723.000000	0.132938
724.000000	0.133107
725.000000	0.133278
726.000000	0.133450
727.000000	0.133625
728.000000	0.133801
729.000000	0.133980
730.000000	0.134161
731.000000	0.134344
732.000000	0.134530
733.000000	0.134718
734.000000	0.134909
735.000000	0.135103
736.000000	0.135299
737.000000	0.135499
738.000000	0.135702
739.000000	0.135908
740.000000	0.136117
741.000000	0.136329
742.000000	0.136546
743.000000	0.136765
744.000000	0.136989
745.000000	0.137216
746.000000	0.137448
747.000000	0.137683
748.000000	0.137922
749.000000	0.138166
750.000000	0.138414
751.000000	0.138667
752.000000	0.138924
753.000000	0.139186
754.000000	0.139452
755.000000	0.139724
756.000000	0.140000
757.000000	0.140281
758.000000	0.140568
759.000000	0.140859
760.000000	0.141154
761.000000	0.141454
762.000000	0.141758
763.000000	0.142066
764.000000	0.142378
765.000000	0.142693
766.000000	0.143011
767.000000	0.143333
768.000000	0.143657
769.000000	0.143985
770.000000	0.144314
771.000000	0.144647
772.000000	0.144981
773.000000	0.145317
774.000000	0.145656
775.000000	0.145995
776.000000	0.146336
777.000000	0.146679
778.000000	0.147022
779.000000	0.147366
780.000000	0.147711
781.000000	0.148056
782.000000	0.148402
783.000000	0.148747
784.000000	0.149092
785.000000	0.149437
786.000000	0.149782
787.000000	0.150125
788.000000	0.150468
789.000000	0.150810
790.000000	0.151150
791.000000	0.151489
792.000000	0.151826
793.000000	0.152161
794.000000	0.152494
795.000000	0.152825
796.000000	0.153153
797.000000	0.153478
798.000000	0.153801
799.000000	0.154121
800.000000	0.154437
801.000000	0.154750
802.000000	0.155059
803.000000	0.155364
804.000000	0.155666
805.000000	0.155963
806.000000	0.156255
807.000000	0.156543
808.000000	0.156826
809.000000	0.157104
810.000000	0.157377
811.000000	0.157645
812.000000	0.157907
813.000000	0.158163
814.000000	0.158413
815.000000	0.158657
816.000000	0.158895
817.000000	0.159126
818.000000	0.159350
819.000000	0.159567
820.000000	0.159777
821.000000	0.159980
822.000000	0.160175
823.000000	0.160363
824.000000	0.160544
825.000000	0.160718
826.000000	0.160886
827.000000	0.161047
828.000000	0.161202
829.000000	0.161351
830.000000	0.161495
831.000000	0.161633
832.000000	0.161766
833.000000	0.161895
834.000000	0.162019
835.000000	0.162138
836.000000	0.162254
837.000000	0.162365
838.000000	0.162474
839.000000	0.162578
840.000000	0.162680
841.000000	0.162779
842.000000	0.162875
843.000000	0.162970
844.000000	0.163062
845.000000	0.163152
846.000000	0.163241
847.000000	0.163328
848.000000	0.163414
849.000000	0.163500
850.000000	0.163585
851.000000	0.163670
852.000000	0.163754
853.000000	0.163839
854.000000	0.163925
855.000000	0.164011
856.000000	0.164098
857.000000	0.164186
858.000000	0.164276
859.000000	0.164367
860.000000	0.164461
861.000000	0.164556
862.000000	0.164654
863.000000	0.164755
864.000000	0.164859
865.000000	0.164966
866.000000	0.165077
867.000000	0.165191
868.000000	0.165310
869.000000	0.165432
870.000000	0.165559
871.000000	0.165691
872.000000	0.165828
873.000000	0.165970
874.000000	0.166117
875.000000	0.166271
876.000000	0.166430
877.000000	0.166595
878.000000	0.166767
879.000000	0.166946
880.000000	0.167132
881.000000	0.167325
882.000000	0.167526
883.000000	0.167734
884.000000	0.167950
885.000000	0.168175
886.000000	0.168408
887.000000	0.168650
888.000000	0.168901
889.000000	0.169161
890.000000	0.169431
891.000000	0.169710
892.000000	0.170000
893.000000	0.170300
894.000000	0.170610
895.000000	0.170929
896.000000	0.171259
897.000000	0.171598
898.000000	0.171947
899.000000	0.172305
900.000000	0.172673
901.000000	0.173049
902.000000	0.173434
903.000000	0.173828
904.000000	0.174230
905.000000	0.174641
906.000000	0.175060
907.000000	0.175487
908.000000	0.175922
909.000000	0.176364
910.000000	0.176815
911.000000	0.177272
912.000000	0.177737
913.000000	0.178209
914.000000	0.178688
915.000000	0.179174
916.000000	0.179666
917.000000	0.180165
918.000000	0.180670
919.000000	0.181181
920.000000	0.181699
921.000000	0.182222
922.000000	0.182751
923.000000	0.183285
924.000000	0.183825
925.000000	0.184369
926.000000	0.184919
927.000000	0.185474
928.000000	0.186034
929.000000	0.186598
930.000000	0.187166
931.000000	0.187739
932.000000	0.188316
933.000000	0.188896
934.000000	0.189481
935.000000	0.190069
936.000000	0.190661
937.000000	0.191255
938.000000	0.191853
939.000000	0.192454
940.000000	0.193058
941.000000	0.193665
942.000000	0.194273
943.000000	0.194885
944.000000	0.195498
945.000000	0.196114
946.000000	0.196731
947.000000	0.197350
948.000000	0.197971
949.000000	0.198592
950.000000	0.199216
951.000000	0.199840
952.000000	0.200465
953.000000	0.201091
954.000000	0.201718
955.000000	0.202344
956.000000	0.202972
957.000000	0.203599
958.000000	0.204226
959.000000	0.204853
960.000000	0.205480
961.000000	0.206106
962.000000	0.206732
963.000000	0.207356
964.000000	0.207980
965.000000	0.208603
966.000000	0.209224
967.000000	0.209844
968.000000	0.210462
969.000000	0.211078
970.000000	0.211692
971.000000	0.212305
972.000000	0.212915
973.000000	0.213522
974.000000	0.214127
975.000000	0.214730
976.000000	0.215329
977.000000	0.215925
978.000000	0.216518
979.000000	0.217108
980.000000	0.217694
981.000000	0.218276
982.000000	0.218855
983.000000	0.219430
984.000000	0.220000
985.000000	0.220566
986.000000	0.221128
987.000000	0.221686
988.000000	0.222239
989.000000	0.222789
990.000000	0.223334
991.000000	0.223876
992.000000	0.224414
993.000000	0.224948
994.000000	0.225479
995.000000	0.226006
996.000000	0.226529
997.000000	0.227049
998.000000	0.227566
999.000000	0.228080
1000.000000	0.228590
1001.000000	0.229097
1002.000000	0.229601
1003.000000	0.230102
1004.000000	0.230601
1005.000000	0.231096
1006.000000	0.231589
1007.000000	0.232079
1008.000000	0.232567
1009.000000	0.233052
1010.000000	0.233534
1011.000000	0.234015
1012.000000	0.234493
1013.000000	0.234969
1014.000000	0.235442
1015.000000	0.235914
1016.000000	0.236384
1017.000000	0.236852
1018.000000	0.237318
1019.000000	0.237782
1020.000000	0.238245
1021.000000	0.238706
1022.000000	0.239165
1023.000000	0.239623
1024.000000	0.240080
1025.000000	0.240536
1026.000000	0.240990
1027.000000	0.241443
1028.000000	0.241895
1029.000000	0.242346
1030.000000	0.242797
1031.000000	0.243246
1032.000000	0.243695
1033.000000	0.244143
1034.000000	0.244590
1035.000000	0.245037
1036.000000	0.245484
1037.000000	0.245930
1038.000000	0.246376
1039.000000	0.246821
1040.000000	0.247267
1041.000000	0.247712
1042.000000	0.248158
1043.000000	0.248604
1044.000000	0.249049
1045.000000	0.249495
1046.000000	0.249942
1047.000000	0.250389
1048.000000	0.250836
1049.000000	0.251284
1050.000000	0.251732
1051.000000	0.252181
1052.000000	0.252631
1053.000000	0.253082
1054.000000	0.253534
1055.000000	0.253987
1056.000000	0.254441
1057.000000	0.254896
1058.000000	0.255352
1059.000000	0.255810
1060.000000	0.256269
1061.000000	0.256729
1062.000000	0.257191
1063.000000	0.257655
1064.000000	0.258120
1065.000000	0.258587
1066.000000	0.259056
1067.000000	0.259527
1068.000000	0.260000
1069.000000	0.260475
1070.000000	0.260953
1071.000000	0.261432
1072.000000	0.261914
1073.000000	0.262398
1074.000000	0.262885
1075.000000	0.263374
1076.000000	0.263866
1077.000000	0.264360
1078.000000	0.264858
1079.000000	0.265358
1080.000000	0.265861
1081.000000	0.266367
1082.000000	0.266876
1083.000000	0.267388
1084.000000	0.267904
1085.000000	0.268423
1086.000000	0.268945
1087.000000	0.269471
1088.000000	0.270000
1089.000000	0.270533
1090.000000	0.271069
1091.000000	0.271609
1092.000000	0.272153
1093.000000	0.272699
1094.000000	0.273250
1095.000000	0.273803
1096.000000	0.274360
1097.000000	0.274920
1098.000000	0.275483
1099.000000	0.276049
1100.000000	0.276619
1101.000000	0.277191
1102.000000	0.277766
1103.000000	0.278344
1104.000000	0.278925
1105.000000	0.279509
1106.000000	0.280096
1107.000000	0.280685
1108.000000	0.281277
1109.000000	0.281872
1110.000000	0.282469
1111.000000	0.283069
1112.000000	0.283671
1113.000000	0.284275
1114.000000	0.284882
1115.000000	0.285491
1116.000000	0.286103
1117.000000	0.286717
1118.000000	0.287332
1119.000000	0.287950
1120.000000	0.288570
1121.000000	0.289192
1122.000000	0.289816
1123.000000	0.290442
1124.000000	0.291070
1125.000000	0.291699
1126.000000	0.292331
1127.000000	0.292964
1128.000000	0.293598
1129.000000	0.294234
1130.000000	0.294872
1131.000000	0.295511
1132.000000	0.296152
1133.000000	0.296794
1134.000000	0.297438
1135.000000	0.298083
1136.000000	0.298729
1137.000000	0.299376
1138.000000	0.300024
1139.000000	0.300674
1140.000000	0.301324
1141.000000	0.301976
1142.000000	0.302628
1143.000000	0.303282
1144.000000	0.303936
1145.000000	0.304591
1146.000000	0.305247
1147.000000	0.305903
1148.000000	0.306560
1149.000000	0.307218
1150.000000	0.307876
1151.000000	0.308535
1152.000000	0.309194
1153.000000	0.309853
1154.000000	0.310513
1155.000000	0.311174
1156.000000	0.311834
1157.000000	0.312495
1158.000000	0.313155
1159.000000	0.313816
1160.000000	0.314477
1161.000000	0.315138
1162.000000	0.315799
1163.000000	0.316460
1164.000000	0.317120
1165.000000	0.317781
1166.000000	0.318441
1167.000000	0.319101
1168.000000	0.319760
1169.000000	0.320419
1170.000000	0.321078
1171.000000	0.321736
1172.000000	0.322393
1173.000000	0.323050
1174.000000	0.323706
1175.000000	0.324362
1176.000000	0.325016
1177.000000	0.325670
1178.000000	0.326323
1179.000000	0.326975
1180.000000	0.327627
1181.000000	0.328277
1182.000000	0.328926
1183.000000	0.329574
1184.000000	0.330221
1185.000000	0.330866
1186.000000	0.331510
1187.000000	0.332153
1188.000000	0.332795
1189.000000	0.333435
1190.000000	0.334074
1191.000000	0.334711
1192.000000	0.335347
1193.000000	0.335981
1194.000000	0.336613
1195.000000	0.337244
1196.000000	0.337873
1197.000000	0.338500
1198.000000	0.339125
1199.000000	0.339748
1200.000000	0.340369
1201.000000	0.340989
1202.000000	0.341606
1203.000000	0.342221
1204.000000	0.342834
1205.000000	0.343444
1206.000000	0.344053
1207.000000	0.344659
1208.000000	0.345262
1209.000000	0.345864
1210.000000	0.346462
1211.000000	0.347059
1212.000000	0.347652
1213.000000	0.348243
1214.000000	0.348832
1215.000000	0.349417
1216.000000	0.350000
1217.000000	0.350580
1218.000000	0.351157
1219.000000	0.351732
1220.000000	0.352303
1221.000000	0.352872
1222.000000	0.353439
1223.000000	0.354002
1224.000000	0.354563
1225.000000	0.355121
1226.000000	0.355677
1227.000000	0.356230
1228.000000	0.356780
1229.000000	0.357328
1230.000000	0.357873
1231.000000	0.358416
1232.000000	0.358957
1233.000000	0.359494
1234.000000	0.360030
1235.000000	0.360563
1236.000000	0.361094
1237.000000	0.361622
1238.000000	0.362148
1239.000000	0.362672
1240.000000	0.363193
1241.000000	0.363712
1242.000000	0.364229
1243.000000	0.364743
1244.000000	0.365256
1245.000000	0.365766
1246.000000	0.366274
1247.000000	0.366780
1248.000000	0.367284
1249.000000	0.367785
1250.000000	0.368285
1251.000000	0.368783
1252.000000	0.369278
1253.000000	0.369772
1254.000000	0.370264
1255.000000	0.370753
1256.000000	0.371241
1257.000000	0.371727
1258.000000	0.372211
1259.000000	0.372693
1260.000000	0.373173
1261.000000	0.373652
1262.000000	0.374128
1263.000000	0.374603
1264.000000	0.375076
1265.000000	0.375548
1266.000000	0.376018
1267.000000	0.376486
1268.000000	0.376952
1269.000000	0.377417
1270.000000	0.377880
1271.000000	0.378342
1272.000000	0.378802
1273.000000	0.379260
1274.000000	0.379717
1275.000000	0.380173
1276.000000	0.380627
1277.000000	0.381080
1278.000000	0.381531
1279.000000	0.381981
1280.000000	0.382429
1281.000000	0.382876
1282.000000	0.383322
1283.000000	0.383767
1284.000000	0.384210
1285.000000	0.384652
1286.000000	0.385093
1287.000000	0.385532
1288.000000	0.385970
1289.000000	0.386408
1290.000000	0.386844
1291.000000	0.387279
1292.000000	0.387712
1293.000000	0.388145
1294.000000	0.388577
1295.000000	0.389008
1296.000000	0.389437
1297.000000	0.389866
1298.000000	0.390294
1299.000000	0.390721
1300.000000	0.391146
1301.000000	0.391572
1302.000000	0.391996
1303.000000	0.392419
1304.000000	0.392842
1305.000000	0.393263
1306.000000	0.393684
1307.000000	0.394105
1308.000000	0.394524
1309.000000	0.394943
1310.000000	0.395361
1311.000000	0.395778
1312.000000	0.396195
1313.000000	0.396612
1314.000000	0.397027
1315.000000	0.397442
1316.000000	0.397857
1317.000000	0.398271
1318.000000	0.398685
1319.000000	0.399098
1320.000000	0.399510
1321.000000	0.399923
1322.000000	0.400334
1323.000000	0.400746
1324.000000	0.401157
1325.000000	0.401568
1326.000000	0.401978
1327.000000	0.402388
1328.000000	0.402798
1329.000000	0.403208
1330.000000	0.403618
1331.000000	0.404027
1332.000000	0.404436
1333.000000	0.404845
1334.000000	0.405254
1335.000000	0.405663
1336.000000	0.406071
1337.000000	0.406480
1338.000000	0.406889
1339.000000	0.407297
1340.000000	0.407706
1341.000000	0.408115
1342.000000	0.408523
1343.000000	0.408932
1344.000000	0.409341
1345.000000	0.409750
1346.000000	0.410160
1347.000000	0.410569
1348.000000	0.410979
1349.000000	0.411388
1350.000000	0.411799
1351.000000	0.412209
1352.000000	0.412620
1353.000000	0.413031
1354.000000	0.413442
1355.000000	0.413854
1356.000000	0.414266
1357.000000	0.414678
1358.000000	0.415091
1359.000000	0.415505
1360.000000	0.415919
1361.000000	0.416333
1362.000000	0.416748
1363.000000	0.417164
1364.000000	0.417580
1365.000000	0.417996
1366.000000	0.418414
1367.000000	0.418831
1368.000000	0.419250
1369.000000	0.419669
1370.000000	0.420089
1371.000000	0.420510
1372.000000	0.420932
1373.000000	0.421354
1374.000000	0.421777
1375.000000	0.422201
1376.000000	0.422626
1377.000000	0.423051
1378.000000	0.423478
1379.000000	0.423905
1380.000000	0.424334
1381.000000	0.424763
1382.000000	0.425194
1383.000000	0.425625
1384.000000	0.426057
1385.000000	0.426491
1386.000000	0.426926
1387.000000	0.427361
1388.000000	0.427798
1389.000000	0.428236
1390.000000	0.428675
1391.000000	0.429116
1392.000000	0.429557
1393.000000	0.430000
1394.000000	0.430444
1395.000000	0.430889
1396.000000	0.431336
1397.000000	0.431784
1398.000000	0.432233
1399.000000	0.432684
1400.000000	0.433136
1401.000000	0.433589
1402.000000	0.434043
1403.000000	0.434499
1404.000000	0.434955
1405.000000	0.435414
1406.000000	0.435873
1407.000000	0.436334
1408.000000	0.436796
1409.000000	0.437260
1410.000000	0.437724
1411.000000	0.438190
1412.000000	0.438658
1413.000000	0.439126
1414.000000	0.439596
1415.000000	0.440068
1416.000000	0.440540
1417.000000	0.441014
1418.000000	0.441489
1419.000000	0.441966
1420.000000	0.442444
1421.000000	0.442923
1422.000000	0.443404
1423.000000	0.443886
1424.000000	0.444369
1425.000000	0.444854
1426.000000	0.445340
1427.000000	0.445827
1428.000000	0.446316
1429.000000	0.446806
1430.000000	0.447297
1431.000000	0.447790
1432.000000	0.448284
1433.000000	0.448779
1434.000000	0.449276
1435.000000	0.449774
1436.000000	0.450273
1437.000000	0.450774
1438.000000	0.451277
1439.000000	0.451780
1440.000000	0.452285
1441.000000	0.452791
1442.000000	0.453299
1443.000000	0.453808
1444.000000	0.454319
1445.000000	0.454831
1446.000000	0.455344
1447.000000	0.455859
1448.000000	0.456375
1449.000000	0.456892
1450.000000	0.457411
1451.000000	0.457931
1452.000000	0.458453
1453.000000	0.458976
1454.000000	0.459501
1455.000000	0.460026
1456.000000	0.460554
1457.000000	0.461082
1458.000000	0.461613
1459.000000	0.462144
1460.000000	0.462677
1461.000000	0.463211
1462.000000	0.463747
1463.000000	0.464284
1464.000000	0.464823
1465.000000	0.465363
1466.000000	0.465905
1467.000000	0.466448
1468.000000	0.466992
1469.000000	0.467538
1470.000000	0.468085
1471.000000	0.468634
1472.000000	0.469184
1473.000000	0.469736
1474.000000	0.470289
1475.000000	0.470843
1476.000000	0.471399
1477.000000	0.471957
1478.000000	0.472516
1479.000000	0.473076
1480.000000	0.473638
1481.000000	0.474201
1482.000000	0.474766
1483.000000	0.475332
1484.000000	0.475900
1485.000000	0.476469
1486.000000	0.477040
1487.000000	0.477612
1488.000000	0.478185
1489.000000	0.478760
1490.000000	0.479337
1491.000000	0.479915
1492.000000	0.480495
1493.000000	0.481076
1494.000000	0.481658
1495.000000	0.482242
1496.000000	0.482828
1497.000000	0.483415
1498.000000	0.484004
1499.000000	0.484594
1500.000000	0.485185
1501.000000	0.485779
1502.000000	0.486373
1503.000000	0.486969
1504.000000	0.487567
1505.000000	0.488166
1506.000000	0.488767
1507.000000	0.489369
1508.000000	0.489973
1509.000000	0.490578
1510.000000	0.491185
1511.000000	0.491793
1512.000000	0.492403
1513.000000	0.493015
1514.000000	0.493628
1515.000000	0.494242
1516.000000	0.494858
1517.000000	0.495476
1518.000000	0.496095
1519.000000	0.496716
1520.000000	0.497338
1521.000000	0.497962
1522.000000	0.498588
1523.000000	0.499214
1524.000000	0.499843
1525.000000	0.500473
1526.000000	0.501105
1527.000000	0.501738
1528.000000	0.502373
1529.000000	0.503009
1530.000000	0.503647
1531.000000	0.504287
1532.000000	0.504928
1533.000000	0.505571
1534.000000	0.506215
1535.000000	0.506861
1536.000000	0.507508
1537.000000	0.508157
1538.000000	0.508808
1539.000000	0.509460
1540.000000	0.510114
1541.000000	0.510770
1542.000000	0.511427
1543.000000	0.512086
1544.000000	0.512746
1545.000000	0.513408
1546.000000	0.514071
1547.000000	0.514737
1548.000000	0.515403
1549.000000	0.516072
1550.000000	0.516742
1551.000000	0.517413
1552.000000	0.518087
1553.000000	0.518762
1554.000000	0.519438
1555.000000	0.520116
1556.000000	0.520796
1557.000000	0.521477
1558.000000	0.522161
1559.000000	0.522845
1560.000000	0.523532
1561.000000	0.524220
1562.000000	0.524909
1563.000000	0.525601
1564.000000	0.526294
1565.000000	0.526988
1566.000000	0.527685
1567.000000	0.528383
1568.000000	0.529082
1569.000000	0.529784
1570.000000	0.530487
1571.000000	0.531191
1572.000000	0.531898
1573.000000	0.532606
1574.000000	0.533315
1575.000000	0.534027
1576.000000	0.534740
1577.000000	0.535454
1578.000000	0.536171
1579.000000	0.536889
1580.000000	0.537609
1581.000000	0.538330
1582.000000	0.539053
1583.000000	0.539778
1584.000000	0.540505
1585.000000	0.541233
1586.000000	0.541963
1587.000000	0.542695
1588.000000	0.543428
1589.000000	0.544163
1590.000000	0.544900
1591.000000	0.545638
1592.000000	0.546379
1593.000000	0.547121
1594.000000	0.547864
1595.000000	0.548610
1596.000000	0.549357
1597.000000	0.550106
1598.000000	0.550857
1599.000000	0.551609
1600.000000	0.552363
1601.000000	0.553119
1602.000000	0.553876
1603.000000	0.554636
1604.000000	0.555397
1605.000000	0.556160
1606.000000	0.556924
1607.000000	0.557691
1608.000000	0.558459
1609.000000	0.559228
1610.000000	0.560000
1611.000000	0.560773
1612.000000	0.561548
1613.000000	0.562325
1614.000000	0.563104
1615.000000	0.563884
1616.000000	0.564667
1617.000000	0.565451
1618.000000	0.566236
1619.000000	0.567024
1620.000000	0.567813
1621.000000	0.568604
1622.000000	0.569397
1623.000000	0.570192
1624.000000	0.570988
1625.000000	0.571787
1626.000000	0.572587
1627.000000	0.573388
1628.000000	0.574192
1629.000000	0.574998
1630.000000	0.575805
1631.000000	0.576614
1632.000000	0.577425
1633.000000	0.578237
1634.000000	0.579052
1635.000000	0.579868
1636.000000	0.580686
1637.000000	0.581506
1638.000000	0.582328
1639.000000	0.583152
1640.000000	0.583977
1641.000000	0.584804
1642.000000	0.585634
1643.000000	0.586464
1644.000000	0.587297
1645.000000	0.588132
1646.000000	0.588968
1647.000000	0.589807
1648.000000	0.590647
1649.000000	0.591489
1650.000000	0.592333
1651.000000	0.593178
1652.000000	0.594026
1653.000000	0.594875
1654.000000	0.595726
1655.000000	0.596580
1656.000000	0.597435
1657.000000	0.598291
1658.000000	0.599150
1659.000000	0.600011
1660.000000	0.600873
1661.000000	0.601737
1662.000000	0.602604
1663.000000	0.603472
1664.000000	0.604342
1665.000000	0.605214
1666.000000	0.606087
1667.000000	0.606963
1668.000000	0.607841
1669.000000	0.608720
1670.000000	0.609601
1671.000000	0.610484
1672.000000	0.611370
1673.000000	0.612257
1674.000000	0.613146
1675.000000	0.614036
1676.000000	0.614929
1677.000000	0.615824
1678.000000	0.616720
1679.000000	0.617619
1680.000000	0.618519
1681.000000	0.619422
1682.000000	0.620326
1683.000000	0.621232
1684.000000	0.622140
1685.000000	0.623050
1686.000000	0.623962
1687.000000	0.624876
1688.000000	0.625792
1689.000000	0.626709
1690.000000	0.627629
1691.000000	0.628551
1692.000000	0.629474
1693.000000	0.630400
1694.000000	0.631327
1695.000000	0.632257
1696.000000	0.633188
1697.000000	0.634122
1698.000000	0.635057
1699.000000	0.635994
1700.000000	0.636933
1701.000000	0.637875
1702.000000	0.638818
1703.000000	0.639763
1704.000000	0.640710
1705.000000	0.641659
1706.000000	0.642610
1707.000000	0.643563
1708.000000	0.644518
1709.000000	0.645475
1710.000000	0.646434
1711.000000	0.647395
1712.000000	0.648358
1713.000000	0.649323
1714.000000	0.650290
1715.000000	0.651259
1716.000000	0.652230
1717.000000	0.653203
1718.000000	0.654178
1719.000000	0.655155
1720.000000	0.656134
1721.000000	0.657115
1722.000000	0.658098
1723.000000	0.659083
1724.000000	0.660070
1725.000000	0.661059
1726.000000	0.662050
1727.000000	0.663043
1728.000000	0.664038
1729.000000	0.665036
1730.000000	0.666035
1731.000000	0.667036
1732.000000	0.668039
1733.000000	0.669045
1734.000000	0.670052
1735.000000	0.671061
1736.000000	0.672073
1737.000000	0.673086
1738.000000	0.674102
1739.000000	0.675119
1740.000000	0.676139
1741.000000	0.677161
1742.000000	0.678184
1743.000000	0.679210
1744.000000	0.680238
1745.000000	0.681268
1746.000000	0.682300
1747.000000	0.683334
1748.000000	0.684370
1749.000000	0.685409
1750.000000	0.686449
1751.000000	0.687491
1752.000000	0.688536
1753.000000	0.689582
1754.000000	0.690631
1755.000000	0.691682
1756.000000	0.692734
1757.000000	0.693789
1758.000000	0.694846
1759.000000	0.695905
1760.000000	0.696967
1761.000000	0.698030
1762.000000	0.699095
1763.000000	0.700163
1764.000000	0.701232
1765.000000	0.702304
1766.000000	0.703378
1767.000000	0.704454
1768.000000	0.705532
1769.000000	0.706612
1770.000000	0.707695
1771.000000	0.708779
1772.000000	0.709866
1773.000000	0.710954
1774.000000	0.712045
1775.000000	0.713138
1776.000000	0.714233
1777.000000	0.715330
1778.000000	0.716430
1779.000000	0.717531
1780.000000	0.718635
1781.000000	0.719741
1782.000000	0.720849
1783.000000	0.721959
1784.000000	0.723071
1785.000000	0.724185
1786.000000	0.725302
1787.000000	0.726421
1788.000000	0.727542
1789.000000	0.728665
1790.000000	0.729790
1791.000000	0.730917
1792.000000	0.732047
1793.000000	0.733179
1794.000000	0.734313
1795.000000	0.735449
1796.000000	0.736587
1797.000000	0.737727
1798.000000	0.738870
1799.000000	0.740015
1800.000000	0.741162
1801.000000	0.742311
1802.000000	0.743463
1803.000000	0.744616
1804.000000	0.745772
1805.000000	0.746930
1806.000000	0.748090
1807.000000	0.749253
1808.000000	0.750417
1809.000000	0.751584
1810.000000	0.752753
1811.000000	0.753924
1812.000000	0.755098
1813.000000	0.756274
1814.000000	0.757452
1815.000000	0.758632
1816.000000	0.759814
1817.000000	0.760999
1818.000000	0.762186
1819.000000	0.763375
1820.000000	0.764566
1821.000000	0.765760
1822.000000	0.766955
1823.000000	0.768153
1824.000000	0.769354
1825.000000	0.770556
1826.000000	0.771761
1827.000000	0.772968
1828.000000	0.774177
1829.000000	0.775389
1830.000000	0.776602
1831.000000	0.777819
1832.000000	0.779037
1833.000000	0.780257
1834.000000	0.781480
1835.000000	0.782705
1836.000000	0.783933
1837.000000	0.785162
1838.000000	0.786394
1839.000000	0.787629
1840.000000	0.788865
1841.000000	0.790104
1842.000000	0.791345
1843.000000	0.792588
1844.000000	0.793834
1845.000000	0.795082
1846.000000	0.796332
1847.000000	0.797585
1848.000000	0.798839
1849.000000	0.800096
1850.000000	0.801356
1851.000000	0.802618
1852.000000	0.803882
1853.000000	0.805148
1854.000000	0.806417
1855.000000	0.807688
1856.000000	0.808961
1857.000000	0.810237
1858.000000	0.811514
1859.000000	0.812795
1860.000000	0.814077
1861.000000	0.815362
1862.000000	0.816649
1863.000000	0.817939
1864.000000	0.819231
1865.000000	0.820525
1866.000000	0.821822
1867.000000	0.823121
1868.000000	0.824422
1869.000000	0.825726
1870.000000	0.827032
1871.000000	0.828340
1872.000000	0.829651
1873.000000	0.830964
1874.000000	0.832279
1875.000000	0.833597
1876.000000	0.834917
1877.000000	0.836239
1878.000000	0.837564
1879.000000	0.838891
1880.000000	0.840221
1881.000000	0.841553
1882.000000	0.842887
1883.000000	0.844224
1884.000000	0.845563
1885.000000	0.846904
1886.000000	0.848248
1887.000000	0.849594
1888.000000	0.850943
1889.000000	0.852294
1890.000000	0.853648
1891.000000	0.855003
1892.000000	0.856362
1893.000000	0.857722
1894.000000	0.859085
1895.000000	0.860451
1896.000000	0.861818
1897.000000	0.863189
1898.000000	0.864561
1899.000000	0.865936
1900.000000	0.867314
1901.000000	0.868694
1902.000000	0.870076
1903.000000	0.871461
1904.000000	0.872848
1905.000000	0.874238
1906.000000	0.875630
1907.000000	0.877024
1908.000000	0.878421
1909.000000	0.879820
1910.000000	0.881222
1911.000000	0.882626
1912.000000	0.884033
1913.000000	0.885442
1914.000000	0.886853
1915.000000	0.888267
1916.000000	0.889684
1917.000000	0.891103
1918.000000	0.892524
1919.000000	0.893948
1920.000000	0.895374
1921.000000	0.896803
1922.000000	0.898234
1923.000000	0.899668
1924.000000	0.901104
1925.000000	0.902543
1926.000000	0.903984
1927.000000	0.905427
1928.000000	0.906873
1929.000000	0.908322
1930.000000	0.909773
1931.000000	0.911227
1932.000000	0.912683
1933.000000	0.914141
1934.000000	0.915602
1935.000000	0.917066
1936.000000	0.918532
1937.000000	0.920000
1938.000000	0.921471
1939.000000	0.922944
1940.000000	0.924420
1941.000000	0.925899
1942.000000	0.927380
1943.000000	0.928864
1944.000000	0.930350
1945.000000	0.931838
1946.000000	0.933329
1947.000000	0.934823
1948.000000	0.936319
1949.000000	0.937818
1950.000000	0.939319
1951.000000	0.940823
1952.000000	0.942329
1953.000000	0.943838
1954.000000	0.945349
1955.000000	0.946863
1956.000000	0.948379
1957.000000	0.949898
1958.000000	0.951420
1959.000000	0.952944
1960.000000	0.954470
1961.000000	0.956000
1962.000000	0.957531
1963.000000	0.959066
1964.000000	0.960602
1965.000000	0.962142
1966.000000	0.963684
1967.000000	0.965228
1968.000000	0.966776
1969.000000	0.968325
1970.000000	0.969877
1971.000000	0.971432
1972.000000	0.972990
1973.000000	0.974550
1974.000000	0.976112
1975.000000	0.977678
1976.000000	0.979245
1977.000000	0.980816
1978.000000	0.982389
1979.000000	0.983964
1980.000000	0.985542
1981.000000	0.987123
1982.000000	0.988706
1983.000000	0.990292
1984.000000	0.991881
1985.000000	0.993472
1986.000000	0.995066
1987.000000	0.996662
1988.000000	0.998261
1989.000000	0.999863
1990.000000	1.001467
1991.000000	1.003074
1992.000000	1.004683
1993.000000	1.006296
1994.000000	1.007910
1995.000000	1.009528
1996.000000	1.011148
1997.000000	1.012770
1998.000000	1.014396
1999.000000	1.016024
2000.000000	1.017654
