300.000000	1.388335
301.000000	1.388080
302.000000	1.387826
303.000000	1.387576
304.000000	1.387329
305.000000	1.387084
306.000000	1.386842
307.000000	1.386603
308.000000	1.386366
309.000000	1.386132
310.000000	1.385900
311.000000	1.385671
312.000000	1.385444
313.000000	1.385220
314.000000	1.384998
315.000000	1.384779
316.000000	1.384561
317.000000	1.384346
318.000000	1.384134
319.000000	1.383923
320.000000	1.383715
321.000000	1.383509
322.000000	1.383305
323.000000	1.383103
324.000000	1.382904
325.000000	1.382706
326.000000	1.382510
327.000000	1.382316
328.000000	1.382125
329.000000	1.381935
330.000000	1.381747
331.000000	1.381561
332.000000	1.381376
333.000000	1.381194
334.000000	1.381013
335.000000	1.380835
336.000000	1.380658
337.000000	1.380482
338.000000	1.380309
339.000000	1.380137
340.000000	1.379966
341.000000	1.379798
342.000000	1.379631
343.000000	1.379465
344.000000	1.379301
345.000000	1.379139
346.000000	1.378978
347.000000	1.378819
348.000000	1.378661
349.000000	1.378505
350.000000	1.378350
351.000000	1.378197
352.000000	1.378045
353.000000	1.377894
354.000000	1.377745
355.000000	1.377597
356.000000	1.377451
357.000000	1.377306
358.000000	1.377162
359.000000	1.377019
360.000000	1.376878
361.000000	1.376738
362.000000	1.376599
363.000000	1.376462
364.000000	1.376326
365.000000	1.376191
366.000000	1.376057
367.000000	1.375924
368.000000	1.375793
369.000000	1.375662
370.000000	1.375533
371.000000	1.375405
372.000000	1.375278
373.000000	1.375152
374.000000	1.375027
375.000000	1.374904
376.000000	1.374781
377.000000	1.374659
378.000000	1.374539
379.000000	1.374419
380.000000	1.374301
381.000000	1.374183
382.000000	1.374066
383.000000	1.373951
384.000000	1.373836
385.000000	1.373722
386.000000	1.373610
387.000000	1.373498
388.000000	1.373387
389.000000	1.373277
390.000000	1.373168
391.000000	1.373060
392.000000	1.372952
393.000000	1.372846
394.000000	1.372740
395.000000	1.372636
396.000000	1.372532
397.000000	1.372429
398.000000	1.372326
399.000000	1.372225
400.000000	1.372124
401.000000	1.372024
402.000000	1.371925
403.000000	1.371827
404.000000	1.371730
405.000000	1.371633
406.000000	1.371537
407.000000	1.371442
408.000000	1.371347
409.000000	1.371254
410.000000	1.371161
411.000000	1.371068
412.000000	1.370977
413.000000	1.370886
414.000000	1.370795
415.000000	1.370706
416.000000	1.370617
417.000000	1.370529
418.000000	1.370441
419.000000	1.370355
420.000000	1.370268
421.000000	1.370183
422.000000	1.370098
423.000000	1.370014
424.000000	1.369930
425.000000	1.369847
426.000000	1.369764
427.000000	1.369683
428.000000	1.369601
429.000000	1.369521
430.000000	1.369441
431.000000	1.369361
432.000000	1.369282
433.000000	1.369204
434.000000	1.369126
435.000000	1.369049
436.000000	1.368972
437.000000	1.368896
438.000000	1.368821
439.000000	1.368746
440.000000	1.368671
441.000000	1.368597
442.000000	1.368524
443.000000	1.368451
444.000000	1.368378
445.000000	1.368306
446.000000	1.368235
447.000000	1.368164
448.000000	1.368094
449.000000	1.368024
450.000000	1.367954
451.000000	1.367885
452.000000	1.367817
453.000000	1.367749
454.000000	1.367681
455.000000	1.367614
456.000000	1.367547
457.000000	1.367481
458.000000	1.367416
459.000000	1.367350
460.000000	1.367285
461.000000	1.367221
462.000000	1.367157
463.000000	1.367093
464.000000	1.367030
465.000000	1.366967
466.000000	1.366905
467.000000	1.366843
468.000000	1.366782
469.000000	1.366721
470.000000	1.366660
471.000000	1.366600
472.000000	1.366540
473.000000	1.366480
474.000000	1.366421
475.000000	1.366362
476.000000	1.366304
477.000000	1.366246
478.000000	1.366188
479.000000	1.366131
480.000000	1.366074
481.000000	1.366018
482.000000	1.365962
483.000000	1.365906
484.000000	1.365850
485.000000	1.365795
486.000000	1.365740
487.000000	1.365686
488.000000	1.365632
489.000000	1.365578
490.000000	1.365525
491.000000	1.365472
492.000000	1.365419
493.000000	1.365367
494.000000	1.365314
495.000000	1.365263
496.000000	1.365211
497.000000	1.365160
498.000000	1.365109
499.000000	1.365059
500.000000	1.365009
501.000000	1.364959
502.000000	1.364909
503.000000	1.364860
504.000000	1.364811
505.000000	1.364762
506.000000	1.364714
507.000000	1.364665
508.000000	1.364618
509.000000	1.364570
510.000000	1.364523
511.000000	1.364476
512.000000	1.364429
513.000000	1.364383
514.000000	1.364336
515.000000	1.364291
516.000000	1.364245
517.000000	1.364200
518.000000	1.364154
519.000000	1.364110
520.000000	1.364065
521.000000	1.364021
522.000000	1.363977
523.000000	1.363933
524.000000	1.363889
525.000000	1.363846
526.000000	1.363803
527.000000	1.363760
528.000000	1.363717
529.000000	1.363675
530.000000	1.363633
531.000000	1.363591
532.000000	1.363550
533.000000	1.363508
534.000000	1.363467
535.000000	1.363426
536.000000	1.363385
537.000000	1.363345
538.000000	1.363305
539.000000	1.363265
540.000000	1.363225
541.000000	1.363185
542.000000	1.363146
543.000000	1.363107
544.000000	1.363068
545.000000	1.363029
546.000000	1.362991
547.000000	1.362952
548.000000	1.362914
549.000000	1.362876
550.000000	1.362839
551.000000	1.362801
552.000000	1.362764
553.000000	1.362727
554.000000	1.362690
555.000000	1.362653
556.000000	1.362617
557.000000	1.362581
558.000000	1.362544
559.000000	1.362509
560.000000	1.362473
561.000000	1.362437
562.000000	1.362402
563.000000	1.362367
564.000000	1.362332
565.000000	1.362297
566.000000	1.362262
567.000000	1.362228
568.000000	1.362194
569.000000	1.362160
570.000000	1.362126
571.000000	1.362092
572.000000	1.362059
573.000000	1.362025
574.000000	1.361992
575.000000	1.361959
576.000000	1.361926
577.000000	1.361893
578.000000	1.361861
579.000000	1.361829
580.000000	1.361796
581.000000	1.361764
582.000000	1.361732
583.000000	1.361701
584.000000	1.361669
585.000000	1.361638
586.000000	1.361606
587.000000	1.361575
588.000000	1.361544
589.000000	1.361514
590.000000	1.361483
591.000000	1.361453
592.000000	1.361422
593.000000	1.361392
594.000000	1.361362
595.000000	1.361332
596.000000	1.361302
597.000000	1.361273
598.000000	1.361243
599.000000	1.361214
600.000000	1.361185
601.000000	1.361156
602.000000	1.361127
603.000000	1.361098
604.000000	1.361070
605.000000	1.361041
606.000000	1.361013
607.000000	1.360985
608.000000	1.360957
609.000000	1.360929
610.000000	1.360901
611.000000	1.360873
612.000000	1.360846
613.000000	1.360818
614.000000	1.360791
615.000000	1.360764
616.000000	1.360737
617.000000	1.360710
618.000000	1.360683
619.000000	1.360656
620.000000	1.360630
621.000000	1.360603
622.000000	1.360577
623.000000	1.360551
624.000000	1.360525
625.000000	1.360499
626.000000	1.360473
627.000000	1.360447
628.000000	1.360422
629.000000	1.360396
630.000000	1.360371
631.000000	1.360346
632.000000	1.360321
633.000000	1.360296
634.000000	1.360271
635.000000	1.360246
636.000000	1.360221
637.000000	1.360197
638.000000	1.360172
639.000000	1.360148
640.000000	1.360124
641.000000	1.360100
642.000000	1.360076
643.000000	1.360052
644.000000	1.360028
645.000000	1.360004
646.000000	1.359981
647.000000	1.359957
648.000000	1.359934
649.000000	1.359911
650.000000	1.359887
651.000000	1.359864
652.000000	1.359841
653.000000	1.359818
654.000000	1.359796
655.000000	1.359773
656.000000	1.359750
657.000000	1.359728
658.000000	1.359705
659.000000	1.359683
660.000000	1.359661
661.000000	1.359639
662.000000	1.359617
663.000000	1.359595
664.000000	1.359573
665.000000	1.359551
666.000000	1.359530
667.000000	1.359508
668.000000	1.359486
669.000000	1.359465
670.000000	1.359444
671.000000	1.359423
672.000000	1.359401
673.000000	1.359380
674.000000	1.359359
675.000000	1.359339
676.000000	1.359318
677.000000	1.359297
678.000000	1.359277
679.000000	1.359256
680.000000	1.359236
681.000000	1.359215
682.000000	1.359195
683.000000	1.359175
684.000000	1.359155
685.000000	1.359135
686.000000	1.359115
687.000000	1.359095
688.000000	1.359075
689.000000	1.359055
690.000000	1.359036
691.000000	1.359016
692.000000	1.358997
693.000000	1.358977
694.000000	1.358958
695.000000	1.358939
696.000000	1.358919
697.000000	1.358900
698.000000	1.358881
699.000000	1.358862
700.000000	1.358843
701.000000	1.358825
702.000000	1.358806
703.000000	1.358787
704.000000	1.358769
705.000000	1.358750
706.000000	1.358732
707.000000	1.358713
708.000000	1.358695
709.000000	1.358677
710.000000	1.358659
711.000000	1.358641
712.000000	1.358623
713.000000	1.358605
714.000000	1.358587
715.000000	1.358569
716.000000	1.358551
717.000000	1.358533
718.000000	1.358516
719.000000	1.358498
720.000000	1.358481
721.000000	1.358463
722.000000	1.358446
723.000000	1.358429
724.000000	1.358411
725.000000	1.358394
726.000000	1.358377
727.000000	1.358360
728.000000	1.358343
729.000000	1.358326
730.000000	1.358309
731.000000	1.358293
732.000000	1.358276
733.000000	1.358259
734.000000	1.358243
735.000000	1.358226
736.000000	1.358210
737.000000	1.358193
738.000000	1.358177
739.000000	1.358160
740.000000	1.358144
741.000000	1.358128
742.000000	1.358112
743.000000	1.358096
744.000000	1.358080
745.000000	1.358064
746.000000	1.358048
747.000000	1.358032
748.000000	1.358016
749.000000	1.358000
750.000000	1.357985
751.000000	1.357969
752.000000	1.357954
753.000000	1.357938
754.000000	1.357923
755.000000	1.357907
756.000000	1.357892
757.000000	1.357876
758.000000	1.357861
759.000000	1.357846
760.000000	1.357831
761.000000	1.357816
762.000000	1.357801
763.000000	1.357786
764.000000	1.357771
765.000000	1.357756
766.000000	1.357741
767.000000	1.357726
768.000000	1.357711
769.000000	1.357697
770.000000	1.357682
771.000000	1.357667
772.000000	1.357653
773.000000	1.357638
774.000000	1.357624
775.000000	1.357610
776.000000	1.357595
777.000000	1.357581
778.000000	1.357567
779.000000	1.357552
780.000000	1.357538
781.000000	1.357524
782.000000	1.357510
783.000000	1.357496
784.000000	1.357482
785.000000	1.357468
786.000000	1.357454
787.000000	1.357440
788.000000	1.357426
789.000000	1.357413
790.000000	1.357399
791.000000	1.357385
792.000000	1.357372
793.000000	1.357358
794.000000	1.357344
795.000000	1.357331
796.000000	1.357318
797.000000	1.357304
798.000000	1.357291
799.000000	1.357277
800.000000	1.357264
801.000000	1.357251
802.000000	1.357238
803.000000	1.357224
804.000000	1.357211
805.000000	1.357198
806.000000	1.357185
807.000000	1.357172
808.000000	1.357159
809.000000	1.357146
810.000000	1.357133
811.000000	1.357121
812.000000	1.357108
813.000000	1.357095
814.000000	1.357082
815.000000	1.357070
816.000000	1.357057
817.000000	1.357044
818.000000	1.357032
819.000000	1.357019
820.000000	1.357007
821.000000	1.356994
822.000000	1.356982
823.000000	1.356969
824.000000	1.356957
825.000000	1.356945
826.000000	1.356932
827.000000	1.356920
828.000000	1.356908
829.000000	1.356896
830.000000	1.356884
831.000000	1.356872
832.000000	1.356859
833.000000	1.356847
834.000000	1.356835
835.000000	1.356823
836.000000	1.356812
837.000000	1.356800
838.000000	1.356788
839.000000	1.356776
840.000000	1.356764
841.000000	1.356752
842.000000	1.356741
843.000000	1.356729
844.000000	1.356717
845.000000	1.356706
846.000000	1.356694
847.000000	1.356683
848.000000	1.356671
849.000000	1.356660
850.000000	1.356648
