300.000000	1.476273
301.000000	1.475895
302.000000	1.475520
303.000000	1.475148
304.000000	1.474779
305.000000	1.474414
306.000000	1.474051
307.000000	1.473691
308.000000	1.473334
309.000000	1.472980
310.000000	1.472629
311.000000	1.472280
312.000000	1.471933
313.000000	1.471589
314.000000	1.471248
315.000000	1.470908
316.000000	1.470571
317.000000	1.470235
318.000000	1.469902
319.000000	1.469570
320.000000	1.469241
321.000000	1.468912
322.000000	1.468586
323.000000	1.468260
324.000000	1.467937
325.000000	1.467614
326.000000	1.467292
327.000000	1.466972
328.000000	1.466652
329.000000	1.466333
330.000000	1.466014
331.000000	1.465696
332.000000	1.465378
333.000000	1.465061
334.000000	1.464743
335.000000	1.464426
336.000000	1.464107
337.000000	1.463789
338.000000	1.463469
339.000000	1.463149
340.000000	1.462827
341.000000	1.462504
342.000000	1.462179
343.000000	1.461852
344.000000	1.461523
345.000000	1.461191
346.000000	1.460856
347.000000	1.460518
348.000000	1.460176
349.000000	1.459830
350.000000	1.459479
351.000000	1.459123
352.000000	1.458761
353.000000	1.458392
354.000000	1.458016
355.000000	1.457632
356.000000	1.457239
357.000000	1.456836
358.000000	1.456422
359.000000	1.455995
360.000000	1.455554
361.000000	1.455098
362.000000	1.454624
363.000000	1.454131
364.000000	1.453616
365.000000	1.453075
366.000000	1.452507
367.000000	1.451906
368.000000	1.451268
369.000000	1.450587
370.000000	1.449857
371.000000	1.449070
372.000000	1.448216
373.000000	1.447282
374.000000	1.446254
375.000000	1.445112
376.000000	1.443830
377.000000	1.442376
378.000000	1.440707
379.000000	1.438762
380.000000	1.436458
381.000000	1.433671
382.000000	1.430219
383.000000	1.425811
384.000000	1.419957
385.000000	1.411769
386.000000	1.399437
387.000000	1.378641
388.000000	1.335821
389.000000	1.194710
390.000000	4.428929
391.000000	1.665485
392.000000	1.567051
393.000000	1.531870
394.000000	1.513735
395.000000	1.502639
396.000000	1.495128
397.000000	1.489691
398.000000	1.485560
399.000000	1.482307
400.000000	1.479671
401.000000	1.477487
402.000000	1.475642
403.000000	1.474059
404.000000	1.472682
405.000000	1.471472
406.000000	1.470397
407.000000	1.469433
408.000000	1.468563
409.000000	1.467771
410.000000	1.467047
411.000000	1.466381
412.000000	1.465764
413.000000	1.465192
414.000000	1.464657
415.000000	1.464157
416.000000	1.463686
417.000000	1.463243
418.000000	1.462823
419.000000	1.462425
420.000000	1.462047
421.000000	1.461687
422.000000	1.461342
423.000000	1.461013
424.000000	1.460697
425.000000	1.460394
426.000000	1.460102
427.000000	1.459821
428.000000	1.459549
429.000000	1.459287
430.000000	1.459033
431.000000	1.458787
432.000000	1.458549
433.000000	1.458317
434.000000	1.458093
435.000000	1.457874
436.000000	1.457661
437.000000	1.457453
438.000000	1.457251
439.000000	1.457053
440.000000	1.456861
441.000000	1.456672
442.000000	1.456488
443.000000	1.456307
444.000000	1.456131
445.000000	1.455958
446.000000	1.455788
447.000000	1.455622
448.000000	1.455459
449.000000	1.455299
450.000000	1.455142
451.000000	1.454987
452.000000	1.454836
453.000000	1.454686
454.000000	1.454540
455.000000	1.454395
456.000000	1.454253
457.000000	1.454113
458.000000	1.453976
459.000000	1.453840
460.000000	1.453707
461.000000	1.453575
462.000000	1.453445
463.000000	1.453317
464.000000	1.453191
465.000000	1.453066
466.000000	1.452943
467.000000	1.452822
468.000000	1.452702
469.000000	1.452584
470.000000	1.452468
471.000000	1.452352
472.000000	1.452238
473.000000	1.452126
474.000000	1.452015
475.000000	1.451905
476.000000	1.451796
477.000000	1.451689
478.000000	1.451583
479.000000	1.451478
480.000000	1.451374
481.000000	1.451271
482.000000	1.451170
483.000000	1.451069
484.000000	1.450969
485.000000	1.450871
486.000000	1.450774
487.000000	1.450677
488.000000	1.450582
489.000000	1.450487
490.000000	1.450394
491.000000	1.450301
492.000000	1.450209
493.000000	1.450118
494.000000	1.450028
495.000000	1.449939
496.000000	1.449850
497.000000	1.449763
498.000000	1.449676
499.000000	1.449590
500.000000	1.449505
501.000000	1.449421
502.000000	1.449337
503.000000	1.449254
504.000000	1.449172
505.000000	1.449090
506.000000	1.449009
507.000000	1.448929
508.000000	1.448850
509.000000	1.448771
510.000000	1.448693
511.000000	1.448615
512.000000	1.448539
513.000000	1.448462
514.000000	1.448387
515.000000	1.448312
516.000000	1.448238
517.000000	1.448164
518.000000	1.448091
519.000000	1.448018
520.000000	1.447946
521.000000	1.447874
522.000000	1.447804
523.000000	1.447733
524.000000	1.447663
525.000000	1.447594
526.000000	1.447525
527.000000	1.447457
528.000000	1.447389
529.000000	1.447322
530.000000	1.447255
531.000000	1.447189
532.000000	1.447123
533.000000	1.447058
534.000000	1.446993
535.000000	1.446929
536.000000	1.446865
537.000000	1.446802
538.000000	1.446739
539.000000	1.446676
540.000000	1.446614
541.000000	1.446552
542.000000	1.446491
543.000000	1.446430
544.000000	1.446370
545.000000	1.446310
546.000000	1.446250
547.000000	1.446191
548.000000	1.446133
549.000000	1.446074
550.000000	1.446016
551.000000	1.445959
552.000000	1.445902
553.000000	1.445845
554.000000	1.445788
555.000000	1.445732
556.000000	1.445677
557.000000	1.445622
558.000000	1.445567
559.000000	1.445512
560.000000	1.445458
561.000000	1.445404
562.000000	1.445350
563.000000	1.445297
564.000000	1.445244
565.000000	1.445192
566.000000	1.445140
567.000000	1.445088
568.000000	1.445037
569.000000	1.444985
570.000000	1.444934
571.000000	1.444884
572.000000	1.444834
573.000000	1.444784
574.000000	1.444734
575.000000	1.444685
576.000000	1.444636
577.000000	1.444587
578.000000	1.444539
579.000000	1.444491
580.000000	1.444443
581.000000	1.444395
582.000000	1.444348
583.000000	1.444301
584.000000	1.444255
585.000000	1.444208
586.000000	1.444162
587.000000	1.444116
588.000000	1.444071
589.000000	1.444025
590.000000	1.443980
591.000000	1.443936
592.000000	1.443891
593.000000	1.443847
594.000000	1.443803
595.000000	1.443759
596.000000	1.443716
597.000000	1.443673
598.000000	1.443630
599.000000	1.443587
600.000000	1.443544
601.000000	1.443502
602.000000	1.443460
603.000000	1.443418
604.000000	1.443377
605.000000	1.443336
606.000000	1.443295
607.000000	1.443254
608.000000	1.443213
609.000000	1.443173
610.000000	1.443133
611.000000	1.443093
612.000000	1.443053
613.000000	1.443014
614.000000	1.442974
615.000000	1.442935
616.000000	1.442896
617.000000	1.442858
618.000000	1.442819
619.000000	1.442781
620.000000	1.442743
621.000000	1.442705
622.000000	1.442668
623.000000	1.442630
624.000000	1.442593
625.000000	1.442556
626.000000	1.442520
627.000000	1.442483
628.000000	1.442447
629.000000	1.442410
630.000000	1.442374
631.000000	1.442339
632.000000	1.442303
633.000000	1.442268
634.000000	1.442232
635.000000	1.442197
636.000000	1.442162
637.000000	1.442128
638.000000	1.442093
639.000000	1.442059
640.000000	1.442025
641.000000	1.441991
642.000000	1.441957
643.000000	1.441923
644.000000	1.441890
645.000000	1.441857
646.000000	1.441823
647.000000	1.441790
648.000000	1.441758
649.000000	1.441725
650.000000	1.441693
651.000000	1.441660
652.000000	1.441628
653.000000	1.441596
654.000000	1.441565
655.000000	1.441533
656.000000	1.441501
657.000000	1.441470
658.000000	1.441439
659.000000	1.441408
660.000000	1.441377
661.000000	1.441346
662.000000	1.441316
663.000000	1.441285
664.000000	1.441255
665.000000	1.441225
666.000000	1.441195
667.000000	1.441165
668.000000	1.441136
669.000000	1.441106
670.000000	1.441077
671.000000	1.441048
672.000000	1.441018
673.000000	1.440990
674.000000	1.440961
675.000000	1.440932
676.000000	1.440904
677.000000	1.440875
678.000000	1.440847
679.000000	1.440819
680.000000	1.440791
681.000000	1.440763
682.000000	1.440735
683.000000	1.440708
684.000000	1.440680
685.000000	1.440653
686.000000	1.440626
687.000000	1.440599
688.000000	1.440572
689.000000	1.440545
690.000000	1.440518
691.000000	1.440492
692.000000	1.440465
693.000000	1.440439
694.000000	1.440413
695.000000	1.440387
696.000000	1.440361
697.000000	1.440335
698.000000	1.440309
699.000000	1.440284
700.000000	1.440258
701.000000	1.440233
702.000000	1.440207
703.000000	1.440182
704.000000	1.440157
705.000000	1.440132
706.000000	1.440108
707.000000	1.440083
708.000000	1.440058
709.000000	1.440034
710.000000	1.440010
711.000000	1.439985
712.000000	1.439961
713.000000	1.439937
714.000000	1.439913
715.000000	1.439890
716.000000	1.439866
717.000000	1.439842
718.000000	1.439819
719.000000	1.439796
720.000000	1.439772
721.000000	1.439749
722.000000	1.439726
723.000000	1.439703
724.000000	1.439680
725.000000	1.439657
726.000000	1.439635
727.000000	1.439612
728.000000	1.439590
729.000000	1.439567
730.000000	1.439545
731.000000	1.439523
732.000000	1.439501
733.000000	1.439479
734.000000	1.439457
735.000000	1.439435
736.000000	1.439414
737.000000	1.439392
738.000000	1.439371
739.000000	1.439349
740.000000	1.439328
741.000000	1.439307
742.000000	1.439285
743.000000	1.439264
744.000000	1.439243
745.000000	1.439223
746.000000	1.439202
747.000000	1.439181
748.000000	1.439161
749.000000	1.439140
750.000000	1.439120
751.000000	1.439099
752.000000	1.439079
753.000000	1.439059
754.000000	1.439039
755.000000	1.439019
756.000000	1.438999
757.000000	1.438979
758.000000	1.438959
759.000000	1.438940
760.000000	1.438920
761.000000	1.438901
762.000000	1.438881
763.000000	1.438862
764.000000	1.438843
765.000000	1.438823
766.000000	1.438804
767.000000	1.438785
768.000000	1.438766
769.000000	1.438747
770.000000	1.438729
771.000000	1.438710
772.000000	1.438691
773.000000	1.438673
774.000000	1.438654
775.000000	1.438636
776.000000	1.438618
777.000000	1.438599
778.000000	1.438581
779.000000	1.438563
780.000000	1.438545
781.000000	1.438527
782.000000	1.438509
783.000000	1.438491
784.000000	1.438474
785.000000	1.438456
786.000000	1.438438
787.000000	1.438421
788.000000	1.438403
789.000000	1.438386
790.000000	1.438369
791.000000	1.438351
792.000000	1.438334
793.000000	1.438317
794.000000	1.438300
795.000000	1.438283
796.000000	1.438266
797.000000	1.438249
798.000000	1.438232
799.000000	1.438216
800.000000	1.438199
801.000000	1.438182
802.000000	1.438166
803.000000	1.438149
804.000000	1.438133
805.000000	1.438117
806.000000	1.438100
807.000000	1.438084
808.000000	1.438068
809.000000	1.438052
810.000000	1.438036
811.000000	1.438020
812.000000	1.438004
813.000000	1.437988
814.000000	1.437973
815.000000	1.437957
816.000000	1.437941
817.000000	1.437926
818.000000	1.437910
819.000000	1.437895
820.000000	1.437879
821.000000	1.437864
822.000000	1.437849
823.000000	1.437833
824.000000	1.437818
825.000000	1.437803
826.000000	1.437788
827.000000	1.437773
828.000000	1.437758
829.000000	1.437743
830.000000	1.437728
831.000000	1.437714
832.000000	1.437699
833.000000	1.437684
834.000000	1.437670
835.000000	1.437655
836.000000	1.437641
837.000000	1.437626
838.000000	1.437612
839.000000	1.437597
840.000000	1.437583
841.000000	1.437569
842.000000	1.437555
843.000000	1.437540
844.000000	1.437526
845.000000	1.437512
846.000000	1.437498
847.000000	1.437484
848.000000	1.437471
849.000000	1.437457
850.000000	1.437443
