300.000000	1.431668
301.000000	1.426591
302.000000	1.422098
303.000000	1.418177
304.000000	1.414817
305.000000	1.412006
306.000000	1.409734
307.000000	1.407987
308.000000	1.406756
309.000000	1.406028
310.000000	1.405791
311.000000	1.406036
312.000000	1.406749
313.000000	1.407920
314.000000	1.409537
315.000000	1.411588
316.000000	1.414063
317.000000	1.416949
318.000000	1.420235
319.000000	1.423910
320.000000	1.427962
321.000000	1.432380
322.000000	1.437152
323.000000	1.442267
324.000000	1.447713
325.000000	1.453478
326.000000	1.459552
327.000000	1.465923
328.000000	1.472579
329.000000	1.479509
330.000000	1.486701
331.000000	1.494144
332.000000	1.501827
333.000000	1.509737
334.000000	1.517864
335.000000	1.526196
336.000000	1.534721
337.000000	1.543428
338.000000	1.552306
339.000000	1.561343
340.000000	1.570528
341.000000	1.579848
342.000000	1.589293
343.000000	1.598851
344.000000	1.608511
345.000000	1.618261
346.000000	1.628090
347.000000	1.637986
348.000000	1.647938
349.000000	1.657933
350.000000	1.667962
351.000000	1.678012
352.000000	1.688072
353.000000	1.698130
354.000000	1.708174
355.000000	1.718195
356.000000	1.728179
357.000000	1.738115
358.000000	1.747993
359.000000	1.757799
360.000000	1.767524
361.000000	1.777156
362.000000	1.786687
363.000000	1.796108
364.000000	1.805412
365.000000	1.814590
366.000000	1.823636
367.000000	1.832543
368.000000	1.841306
369.000000	1.849918
370.000000	1.858374
371.000000	1.866668
372.000000	1.874796
373.000000	1.882755
374.000000	1.890540
375.000000	1.898148
376.000000	1.905575
377.000000	1.912819
378.000000	1.919878
379.000000	1.926750
380.000000	1.933431
381.000000	1.939921
382.000000	1.946218
383.000000	1.952321
384.000000	1.958230
385.000000	1.963943
386.000000	1.969461
387.000000	1.974783
388.000000	1.979909
389.000000	1.984840
390.000000	1.989576
391.000000	1.994117
392.000000	1.998466
393.000000	2.002622
394.000000	2.006588
395.000000	2.010365
396.000000	2.013954
397.000000	2.017358
398.000000	2.020579
399.000000	2.023618
400.000000	2.026479
401.000000	2.029164
402.000000	2.031676
403.000000	2.034017
404.000000	2.036191
405.000000	2.038202
406.000000	2.040051
407.000000	2.041744
408.000000	2.043284
409.000000	2.044674
410.000000	2.045918
411.000000	2.047022
412.000000	2.047988
413.000000	2.048821
414.000000	2.049525
415.000000	2.050106
416.000000	2.050568
417.000000	2.050914
418.000000	2.051151
419.000000	2.051283
420.000000	2.051315
421.000000	2.051252
422.000000	2.051099
423.000000	2.050861
424.000000	2.050544
425.000000	2.050152
426.000000	2.049691
427.000000	2.049166
428.000000	2.048583
429.000000	2.047946
430.000000	2.047262
431.000000	2.046535
432.000000	2.045771
433.000000	2.044975
434.000000	2.044152
435.000000	2.043308
436.000000	2.042448
437.000000	2.041578
438.000000	2.040702
439.000000	2.039825
440.000000	2.038954
441.000000	2.038092
442.000000	2.037245
443.000000	2.036418
444.000000	2.035616
445.000000	2.034844
446.000000	2.034106
447.000000	2.033407
448.000000	2.032752
449.000000	2.032144
450.000000	2.031590
451.000000	2.031093
452.000000	2.030657
453.000000	2.030287
454.000000	2.029986
455.000000	2.029758
456.000000	2.029608
457.000000	2.029540
458.000000	2.029556
459.000000	2.029660
460.000000	2.029856
461.000000	2.030147
462.000000	2.030537
463.000000	2.031028
464.000000	2.031623
465.000000	2.032326
466.000000	2.033138
467.000000	2.034064
468.000000	2.035104
469.000000	2.036261
470.000000	2.037538
471.000000	2.038937
472.000000	2.040460
473.000000	2.042108
474.000000	2.043883
475.000000	2.045787
476.000000	2.047822
477.000000	2.049988
478.000000	2.052288
479.000000	2.054721
480.000000	2.057289
481.000000	2.059993
482.000000	2.062834
483.000000	2.065812
484.000000	2.068927
485.000000	2.072181
486.000000	2.075572
487.000000	2.079102
488.000000	2.082770
489.000000	2.086576
490.000000	2.090521
491.000000	2.094602
492.000000	2.098821
493.000000	2.103177
494.000000	2.107668
495.000000	2.112294
496.000000	2.117055
497.000000	2.121949
498.000000	2.126975
499.000000	2.132132
500.000000	2.137419
501.000000	2.142835
502.000000	2.148377
503.000000	2.154045
504.000000	2.159837
505.000000	2.165752
506.000000	2.171787
507.000000	2.177942
508.000000	2.184213
509.000000	2.190600
510.000000	2.197100
511.000000	2.203712
512.000000	2.210433
513.000000	2.217261
514.000000	2.224195
515.000000	2.231232
516.000000	2.238371
517.000000	2.245608
518.000000	2.252942
519.000000	2.260370
520.000000	2.267891
521.000000	2.275502
522.000000	2.283201
523.000000	2.290985
524.000000	2.298853
525.000000	2.306803
526.000000	2.314831
527.000000	2.322936
528.000000	2.331116
529.000000	2.339368
530.000000	2.347691
531.000000	2.356082
532.000000	2.364539
533.000000	2.373059
534.000000	2.381642
535.000000	2.390284
536.000000	2.398984
537.000000	2.407739
538.000000	2.416549
539.000000	2.425410
540.000000	2.434321
541.000000	2.443280
542.000000	2.452286
543.000000	2.461335
544.000000	2.470428
545.000000	2.479561
546.000000	2.488733
547.000000	2.497943
548.000000	2.507188
549.000000	2.516468
550.000000	2.525781
551.000000	2.535125
552.000000	2.544498
553.000000	2.553900
554.000000	2.563329
555.000000	2.572783
556.000000	2.582261
557.000000	2.591762
558.000000	2.601285
559.000000	2.610828
560.000000	2.620390
561.000000	2.629970
562.000000	2.639568
563.000000	2.649181
564.000000	2.658808
565.000000	2.668450
566.000000	2.678104
567.000000	2.687770
568.000000	2.697447
569.000000	2.707133
570.000000	2.716829
571.000000	2.726533
572.000000	2.736245
573.000000	2.745963
574.000000	2.755687
575.000000	2.765416
576.000000	2.775149
577.000000	2.784887
578.000000	2.794627
579.000000	2.804370
580.000000	2.814115
581.000000	2.823861
582.000000	2.833607
583.000000	2.843354
584.000000	2.853101
585.000000	2.862846
586.000000	2.872590
587.000000	2.882333
588.000000	2.892073
589.000000	2.901810
590.000000	2.911545
591.000000	2.921276
592.000000	2.931003
593.000000	2.940726
594.000000	2.950444
595.000000	2.960157
596.000000	2.969865
597.000000	2.979568
598.000000	2.989264
599.000000	2.998955
600.000000	3.008639
601.000000	3.018317
602.000000	3.027988
603.000000	3.037652
604.000000	3.047308
605.000000	3.056957
606.000000	3.066599
607.000000	3.076232
608.000000	3.085858
609.000000	3.095475
610.000000	3.105084
611.000000	3.114684
612.000000	3.124276
613.000000	3.133859
614.000000	3.143433
615.000000	3.152998
616.000000	3.162553
617.000000	3.172100
618.000000	3.181637
619.000000	3.191165
620.000000	3.200683
621.000000	3.210192
622.000000	3.219691
623.000000	3.229181
624.000000	3.238660
625.000000	3.248130
626.000000	3.257590
627.000000	3.267040
628.000000	3.276480
629.000000	3.285909
630.000000	3.295329
631.000000	3.304739
632.000000	3.314139
633.000000	3.323528
634.000000	3.332908
635.000000	3.342277
636.000000	3.351636
637.000000	3.360985
638.000000	3.370324
639.000000	3.379653
640.000000	3.388971
641.000000	3.398279
642.000000	3.407577
643.000000	3.416865
644.000000	3.426143
645.000000	3.435411
646.000000	3.444669
647.000000	3.453916
648.000000	3.463154
649.000000	3.472381
650.000000	3.481598
651.000000	3.490806
652.000000	3.500003
653.000000	3.509190
654.000000	3.518368
655.000000	3.527536
656.000000	3.536693
657.000000	3.545841
658.000000	3.554980
659.000000	3.564108
660.000000	3.573227
661.000000	3.582336
662.000000	3.591435
663.000000	3.600525
664.000000	3.609605
665.000000	3.618676
666.000000	3.627738
667.000000	3.636789
668.000000	3.645832
669.000000	3.654865
670.000000	3.663889
671.000000	3.672904
672.000000	3.681909
673.000000	3.690906
674.000000	3.699893
675.000000	3.708871
676.000000	3.717840
677.000000	3.726800
678.000000	3.735752
679.000000	3.744694
680.000000	3.753628
681.000000	3.762553
682.000000	3.771469
683.000000	3.780377
684.000000	3.789276
685.000000	3.798166
686.000000	3.807048
687.000000	3.815921
688.000000	3.824786
689.000000	3.833643
690.000000	3.842492
691.000000	3.851332
692.000000	3.860164
693.000000	3.868988
694.000000	3.877803
695.000000	3.886611
696.000000	3.895411
697.000000	3.904202
698.000000	3.912986
699.000000	3.921762
700.000000	3.930530
701.000000	3.939291
702.000000	3.948044
703.000000	3.956789
704.000000	3.965526
705.000000	3.974256
706.000000	3.982979
707.000000	3.991694
708.000000	4.000402
709.000000	4.009102
710.000000	4.017795
711.000000	4.026481
712.000000	4.035160
713.000000	4.043831
714.000000	4.052495
715.000000	4.061153
716.000000	4.069803
717.000000	4.078447
718.000000	4.087083
719.000000	4.095713
720.000000	4.104336
721.000000	4.112952
722.000000	4.121561
723.000000	4.130164
724.000000	4.138760
725.000000	4.147349
726.000000	4.155932
727.000000	4.164509
728.000000	4.173079
729.000000	4.181642
730.000000	4.190199
731.000000	4.198750
732.000000	4.207295
733.000000	4.215834
734.000000	4.224366
735.000000	4.232892
736.000000	4.241412
737.000000	4.249926
738.000000	4.258434
739.000000	4.266936
740.000000	4.275432
741.000000	4.283923
742.000000	4.292407
743.000000	4.300886
744.000000	4.309359
745.000000	4.317826
746.000000	4.326287
747.000000	4.334743
748.000000	4.343193
749.000000	4.351638
750.000000	4.360077
751.000000	4.368511
752.000000	4.376939
753.000000	4.385362
754.000000	4.393779
755.000000	4.402191
756.000000	4.410598
757.000000	4.419000
758.000000	4.427396
759.000000	4.435787
760.000000	4.444173
761.000000	4.452554
762.000000	4.460930
763.000000	4.469301
764.000000	4.477666
765.000000	4.486027
766.000000	4.494383
767.000000	4.502734
768.000000	4.511080
769.000000	4.519422
770.000000	4.527758
771.000000	4.536090
772.000000	4.544417
773.000000	4.552739
774.000000	4.561057
775.000000	4.569370
776.000000	4.577678
777.000000	4.585982
778.000000	4.594281
779.000000	4.602576
780.000000	4.610866
781.000000	4.619152
782.000000	4.627434
783.000000	4.635711
784.000000	4.643983
785.000000	4.652252
786.000000	4.660516
787.000000	4.668776
788.000000	4.677031
789.000000	4.685283
790.000000	4.693530
791.000000	4.701773
792.000000	4.710012
793.000000	4.718247
794.000000	4.726477
795.000000	4.734704
796.000000	4.742927
797.000000	4.751146
798.000000	4.759360
799.000000	4.767571
800.000000	4.775778
801.000000	4.783981
802.000000	4.792180
803.000000	4.800376
804.000000	4.808567
805.000000	4.816755
806.000000	4.824939
807.000000	4.833120
808.000000	4.841296
809.000000	4.849469
810.000000	4.857638
811.000000	4.865804
812.000000	4.873966
813.000000	4.882125
814.000000	4.890279
815.000000	4.898431
816.000000	4.906579
817.000000	4.914723
818.000000	4.922864
819.000000	4.931001
820.000000	4.939136
821.000000	4.947266
822.000000	4.955394
823.000000	4.963517
824.000000	4.971638
825.000000	4.979755
826.000000	4.987869
827.000000	4.995980
828.000000	5.004088
829.000000	5.012192
830.000000	5.020293
831.000000	5.028391
832.000000	5.036486
833.000000	5.044577
834.000000	5.052666
835.000000	5.060751
836.000000	5.068833
837.000000	5.076912
838.000000	5.084989
839.000000	5.093062
840.000000	5.101132
841.000000	5.109199
842.000000	5.117263
843.000000	5.125324
844.000000	5.133383
845.000000	5.141438
846.000000	5.149490
847.000000	5.157540
848.000000	5.165587
849.000000	5.173631
850.000000	5.181672
