300.000000	4.373066
301.000000	4.297183
302.000000	4.222907
303.000000	4.150220
304.000000	4.079104
305.000000	4.009541
306.000000	3.941512
307.000000	3.875000
308.000000	3.809987
309.000000	3.746453
310.000000	3.684381
311.000000	3.623754
312.000000	3.564552
313.000000	3.506757
314.000000	3.450352
315.000000	3.395318
316.000000	3.341638
317.000000	3.289292
318.000000	3.238263
319.000000	3.188533
320.000000	3.140083
321.000000	3.092896
322.000000	3.046953
323.000000	3.002236
324.000000	2.958727
325.000000	2.916407
326.000000	2.875259
327.000000	2.835265
328.000000	2.796406
329.000000	2.758664
330.000000	2.722021
331.000000	2.686459
332.000000	2.651959
333.000000	2.618504
334.000000	2.586076
335.000000	2.554656
336.000000	2.524226
337.000000	2.494767
338.000000	2.466263
339.000000	2.438694
340.000000	2.412043
341.000000	2.386290
342.000000	2.361420
343.000000	2.337412
344.000000	2.314249
345.000000	2.291913
346.000000	2.270385
347.000000	2.249648
348.000000	2.229683
349.000000	2.210472
350.000000	2.191997
351.000000	2.174240
352.000000	2.157182
353.000000	2.140806
354.000000	2.125094
355.000000	2.110026
356.000000	2.095586
357.000000	2.081755
358.000000	2.068514
359.000000	2.055846
360.000000	2.043732
361.000000	2.032155
362.000000	2.021098
363.000000	2.010543
364.000000	2.000475
365.000000	1.990877
366.000000	1.981731
367.000000	1.973023
368.000000	1.964737
369.000000	1.956857
370.000000	1.949369
371.000000	1.942256
372.000000	1.935505
373.000000	1.929102
374.000000	1.923031
375.000000	1.917279
376.000000	1.911833
377.000000	1.906678
378.000000	1.901803
379.000000	1.897194
380.000000	1.892838
381.000000	1.888722
382.000000	1.884835
383.000000	1.881165
384.000000	1.877699
385.000000	1.874427
386.000000	1.871337
387.000000	1.868417
388.000000	1.865657
389.000000	1.863047
390.000000	1.860575
391.000000	1.858231
392.000000	1.856005
393.000000	1.853888
394.000000	1.851869
395.000000	1.849940
396.000000	1.848089
397.000000	1.846310
398.000000	1.844592
399.000000	1.842927
400.000000	1.841307
401.000000	1.839722
402.000000	1.838165
403.000000	1.836629
404.000000	1.835104
405.000000	1.833584
406.000000	1.832062
407.000000	1.830529
408.000000	1.828980
409.000000	1.827407
410.000000	1.825804
411.000000	1.824165
412.000000	1.822483
413.000000	1.820752
414.000000	1.818968
415.000000	1.817124
416.000000	1.815214
417.000000	1.813235
418.000000	1.811181
419.000000	1.809048
420.000000	1.806831
421.000000	1.804525
422.000000	1.802127
423.000000	1.799634
424.000000	1.797041
425.000000	1.794345
426.000000	1.791543
427.000000	1.788632
428.000000	1.785610
429.000000	1.782473
430.000000	1.779220
431.000000	1.775849
432.000000	1.772356
433.000000	1.768742
434.000000	1.765004
435.000000	1.761142
436.000000	1.757152
437.000000	1.753036
438.000000	1.748792
439.000000	1.744420
440.000000	1.739920
441.000000	1.735290
442.000000	1.730531
443.000000	1.725644
444.000000	1.720628
445.000000	1.715485
446.000000	1.710214
447.000000	1.704816
448.000000	1.699293
449.000000	1.693646
450.000000	1.687876
451.000000	1.681983
452.000000	1.675970
453.000000	1.669839
454.000000	1.663590
455.000000	1.657227
456.000000	1.650750
457.000000	1.644163
458.000000	1.637467
459.000000	1.630664
460.000000	1.623758
461.000000	1.616750
462.000000	1.609644
463.000000	1.602441
464.000000	1.595145
465.000000	1.587759
466.000000	1.580285
467.000000	1.572727
468.000000	1.565087
469.000000	1.557369
470.000000	1.549576
471.000000	1.541711
472.000000	1.533777
473.000000	1.525778
474.000000	1.517718
475.000000	1.509598
476.000000	1.501424
477.000000	1.493198
478.000000	1.484924
479.000000	1.476605
480.000000	1.468245
481.000000	1.459848
482.000000	1.451416
483.000000	1.442954
484.000000	1.434464
485.000000	1.425951
486.000000	1.417418
487.000000	1.408868
488.000000	1.400304
489.000000	1.391731
490.000000	1.383152
491.000000	1.374569
492.000000	1.365986
493.000000	1.357407
494.000000	1.348835
495.000000	1.340272
496.000000	1.331722
497.000000	1.323189
498.000000	1.314674
499.000000	1.306182
500.000000	1.297714
501.000000	1.289274
502.000000	1.280864
503.000000	1.272488
504.000000	1.264147
505.000000	1.255844
506.000000	1.247582
507.000000	1.239363
508.000000	1.231190
509.000000	1.223064
510.000000	1.214987
511.000000	1.206963
512.000000	1.198992
513.000000	1.191076
514.000000	1.183218
515.000000	1.175419
516.000000	1.167680
517.000000	1.160004
518.000000	1.152391
519.000000	1.144843
520.000000	1.137361
521.000000	1.129947
522.000000	1.122601
523.000000	1.115324
524.000000	1.108119
525.000000	1.100984
526.000000	1.093922
527.000000	1.086933
528.000000	1.080017
529.000000	1.073175
530.000000	1.066408
531.000000	1.059716
532.000000	1.053100
533.000000	1.046559
534.000000	1.040094
535.000000	1.033706
536.000000	1.027394
537.000000	1.021158
538.000000	1.014999
539.000000	1.008916
540.000000	1.002910
541.000000	0.996980
542.000000	0.991126
543.000000	0.985347
544.000000	0.979645
545.000000	0.974017
546.000000	0.968465
547.000000	0.962988
548.000000	0.957584
549.000000	0.952255
550.000000	0.946999
551.000000	0.941815
552.000000	0.936704
553.000000	0.931665
554.000000	0.926698
555.000000	0.921801
556.000000	0.916974
557.000000	0.912217
558.000000	0.907528
559.000000	0.902908
560.000000	0.898356
561.000000	0.893871
562.000000	0.889451
563.000000	0.885098
564.000000	0.880809
565.000000	0.876585
566.000000	0.872424
567.000000	0.868325
568.000000	0.864289
569.000000	0.860314
570.000000	0.856400
571.000000	0.852546
572.000000	0.848750
573.000000	0.845013
574.000000	0.841334
575.000000	0.837712
576.000000	0.834146
577.000000	0.830635
578.000000	0.827179
579.000000	0.823777
580.000000	0.820428
581.000000	0.817132
582.000000	0.813888
583.000000	0.810695
584.000000	0.807552
585.000000	0.804459
586.000000	0.801416
587.000000	0.798420
588.000000	0.795472
589.000000	0.792571
590.000000	0.789717
591.000000	0.786908
592.000000	0.784144
593.000000	0.781424
594.000000	0.778748
595.000000	0.776115
596.000000	0.773524
597.000000	0.770976
598.000000	0.768468
599.000000	0.766001
600.000000	0.763574
601.000000	0.761186
602.000000	0.758837
603.000000	0.756526
604.000000	0.754253
605.000000	0.752017
606.000000	0.749817
607.000000	0.747653
608.000000	0.745525
609.000000	0.743431
610.000000	0.741372
611.000000	0.739347
612.000000	0.737355
613.000000	0.735395
614.000000	0.733468
615.000000	0.731573
616.000000	0.729709
617.000000	0.727876
618.000000	0.726073
619.000000	0.724300
620.000000	0.722557
621.000000	0.720842
622.000000	0.719156
623.000000	0.717498
624.000000	0.715868
625.000000	0.714265
626.000000	0.712689
627.000000	0.711140
628.000000	0.709616
629.000000	0.708118
630.000000	0.706645
631.000000	0.705197
632.000000	0.703774
633.000000	0.702375
634.000000	0.700999
635.000000	0.699647
636.000000	0.698318
637.000000	0.697012
638.000000	0.695727
639.000000	0.694465
640.000000	0.693225
641.000000	0.692006
642.000000	0.690808
643.000000	0.689631
644.000000	0.688474
645.000000	0.687337
646.000000	0.686220
647.000000	0.685122
648.000000	0.684044
649.000000	0.682984
650.000000	0.681943
651.000000	0.680921
652.000000	0.679916
653.000000	0.678930
654.000000	0.677961
655.000000	0.677009
656.000000	0.676074
657.000000	0.675156
658.000000	0.674255
659.000000	0.673370
660.000000	0.672501
661.000000	0.671648
662.000000	0.670810
663.000000	0.669988
664.000000	0.669181
665.000000	0.668388
666.000000	0.667611
667.000000	0.666848
668.000000	0.666099
669.000000	0.665365
670.000000	0.664644
671.000000	0.663937
672.000000	0.663243
673.000000	0.662563
674.000000	0.661895
675.000000	0.661241
676.000000	0.660599
677.000000	0.659970
678.000000	0.659354
679.000000	0.658749
680.000000	0.658157
681.000000	0.657576
682.000000	0.657007
683.000000	0.656449
684.000000	0.655903
685.000000	0.655368
686.000000	0.654844
687.000000	0.654331
688.000000	0.653829
689.000000	0.653337
690.000000	0.652856
691.000000	0.652385
692.000000	0.651925
693.000000	0.651474
694.000000	0.651033
695.000000	0.650602
696.000000	0.650180
697.000000	0.649768
698.000000	0.649365
699.000000	0.648972
700.000000	0.648587
701.000000	0.648212
702.000000	0.647845
703.000000	0.647487
704.000000	0.647138
705.000000	0.646797
706.000000	0.646465
707.000000	0.646141
708.000000	0.645825
709.000000	0.645517
710.000000	0.645217
711.000000	0.644925
712.000000	0.644641
713.000000	0.644364
714.000000	0.644095
715.000000	0.643833
716.000000	0.643579
717.000000	0.643332
718.000000	0.643092
719.000000	0.642859
720.000000	0.642633
721.000000	0.642414
722.000000	0.642201
723.000000	0.641996
724.000000	0.641797
725.000000	0.641604
726.000000	0.641418
727.000000	0.641239
728.000000	0.641065
729.000000	0.640898
730.000000	0.640737
731.000000	0.640582
732.000000	0.640433
733.000000	0.640290
734.000000	0.640152
735.000000	0.640020
736.000000	0.639895
737.000000	0.639774
738.000000	0.639659
739.000000	0.639550
740.000000	0.639446
741.000000	0.639347
742.000000	0.639254
743.000000	0.639166
744.000000	0.639083
745.000000	0.639005
746.000000	0.638932
747.000000	0.638864
748.000000	0.638800
749.000000	0.638742
750.000000	0.638688
751.000000	0.638639
752.000000	0.638595
753.000000	0.638556
754.000000	0.638520
755.000000	0.638490
756.000000	0.638464
757.000000	0.638442
758.000000	0.638424
759.000000	0.638411
760.000000	0.638402
761.000000	0.638397
762.000000	0.638396
763.000000	0.638400
764.000000	0.638407
765.000000	0.638418
766.000000	0.638434
767.000000	0.638453
768.000000	0.638476
769.000000	0.638503
770.000000	0.638533
771.000000	0.638567
772.000000	0.638605
773.000000	0.638647
774.000000	0.638692
775.000000	0.638740
776.000000	0.638792
777.000000	0.638848
778.000000	0.638907
779.000000	0.638969
780.000000	0.639035
781.000000	0.639104
782.000000	0.639176
783.000000	0.639252
784.000000	0.639330
785.000000	0.639412
786.000000	0.639497
787.000000	0.639585
788.000000	0.639676
789.000000	0.639770
790.000000	0.639867
791.000000	0.639967
792.000000	0.640070
793.000000	0.640175
794.000000	0.640284
795.000000	0.640395
796.000000	0.640509
797.000000	0.640626
798.000000	0.640746
799.000000	0.640868
800.000000	0.640993
801.000000	0.641121
802.000000	0.641251
803.000000	0.641384
804.000000	0.641519
805.000000	0.641657
806.000000	0.641797
807.000000	0.641940
808.000000	0.642085
809.000000	0.642233
810.000000	0.642383
811.000000	0.642535
812.000000	0.642690
813.000000	0.642847
814.000000	0.643006
815.000000	0.643167
816.000000	0.643331
817.000000	0.643497
818.000000	0.643665
819.000000	0.643836
820.000000	0.644008
821.000000	0.644183
822.000000	0.644359
823.000000	0.644538
824.000000	0.644719
825.000000	0.644901
826.000000	0.645086
827.000000	0.645273
828.000000	0.645462
829.000000	0.645653
830.000000	0.645845
831.000000	0.646040
832.000000	0.646236
833.000000	0.646434
834.000000	0.646634
835.000000	0.646836
836.000000	0.647040
837.000000	0.647246
838.000000	0.647453
839.000000	0.647662
840.000000	0.647873
841.000000	0.648085
842.000000	0.648299
843.000000	0.648515
844.000000	0.648733
845.000000	0.648952
846.000000	0.649173
847.000000	0.649395
848.000000	0.649619
849.000000	0.649845
850.000000	0.650072
