300.000000	1.378670
301.000000	1.378182
302.000000	1.377702
303.000000	1.377229
304.000000	1.376763
305.000000	1.376305
306.000000	1.375853
307.000000	1.375407
308.000000	1.374968
309.000000	1.374536
310.000000	1.374110
311.000000	1.373691
312.000000	1.373277
313.000000	1.372869
314.000000	1.372468
315.000000	1.372072
316.000000	1.371682
317.000000	1.371297
318.000000	1.370918
319.000000	1.370545
320.000000	1.370176
321.000000	1.369813
322.000000	1.369455
323.000000	1.369102
324.000000	1.368754
325.000000	1.368411
326.000000	1.368072
327.000000	1.367738
328.000000	1.367409
329.000000	1.367085
330.000000	1.366765
331.000000	1.366449
332.000000	1.366137
333.000000	1.365830
334.000000	1.365527
335.000000	1.365228
336.000000	1.364933
337.000000	1.364642
338.000000	1.364355
339.000000	1.364071
340.000000	1.363792
341.000000	1.363516
342.000000	1.363244
343.000000	1.362975
344.000000	1.362710
345.000000	1.362448
346.000000	1.362190
347.000000	1.361935
348.000000	1.361683
349.000000	1.361435
350.000000	1.361190
351.000000	1.360948
352.000000	1.360709
353.000000	1.360473
354.000000	1.360240
355.000000	1.360010
356.000000	1.359783
357.000000	1.359558
358.000000	1.359337
359.000000	1.359118
360.000000	1.358902
361.000000	1.358689
362.000000	1.358478
363.000000	1.358270
364.000000	1.358065
365.000000	1.357862
366.000000	1.357661
367.000000	1.357463
368.000000	1.357267
369.000000	1.357074
370.000000	1.356883
371.000000	1.356694
372.000000	1.356508
373.000000	1.356324
374.000000	1.356142
375.000000	1.355962
376.000000	1.355784
377.000000	1.355609
378.000000	1.355435
379.000000	1.355263
380.000000	1.355094
381.000000	1.354926
382.000000	1.354761
383.000000	1.354597
384.000000	1.354435
385.000000	1.354275
386.000000	1.354117
387.000000	1.353961
388.000000	1.353806
389.000000	1.353653
390.000000	1.353502
391.000000	1.353353
392.000000	1.353205
393.000000	1.353059
394.000000	1.352915
395.000000	1.352772
396.000000	1.352631
397.000000	1.352492
398.000000	1.352354
399.000000	1.352217
400.000000	1.352082
401.000000	1.351948
402.000000	1.351816
403.000000	1.351686
404.000000	1.351556
405.000000	1.351429
406.000000	1.351302
407.000000	1.351177
408.000000	1.351053
409.000000	1.350931
410.000000	1.350810
411.000000	1.350690
412.000000	1.350572
413.000000	1.350454
414.000000	1.350338
415.000000	1.350223
416.000000	1.350110
417.000000	1.349997
418.000000	1.349886
419.000000	1.349776
420.000000	1.349667
421.000000	1.349559
422.000000	1.349452
423.000000	1.349347
424.000000	1.349242
425.000000	1.349139
426.000000	1.349036
427.000000	1.348935
428.000000	1.348835
429.000000	1.348735
430.000000	1.348637
431.000000	1.348540
432.000000	1.348443
433.000000	1.348348
434.000000	1.348253
435.000000	1.348160
436.000000	1.348067
437.000000	1.347976
438.000000	1.347885
439.000000	1.347795
440.000000	1.347706
441.000000	1.347618
442.000000	1.347531
443.000000	1.347444
444.000000	1.347359
445.000000	1.347274
446.000000	1.347190
447.000000	1.347107
448.000000	1.347025
449.000000	1.346943
450.000000	1.346862
451.000000	1.346782
452.000000	1.346703
453.000000	1.346625
454.000000	1.346547
455.000000	1.346470
456.000000	1.346394
457.000000	1.346318
458.000000	1.346243
459.000000	1.346169
460.000000	1.346096
461.000000	1.346023
462.000000	1.345951
463.000000	1.345879
464.000000	1.345809
465.000000	1.345738
466.000000	1.345669
467.000000	1.345600
468.000000	1.345532
469.000000	1.345464
470.000000	1.345397
471.000000	1.345331
472.000000	1.345265
473.000000	1.345200
474.000000	1.345135
475.000000	1.345071
476.000000	1.345007
477.000000	1.344945
478.000000	1.344882
479.000000	1.344820
480.000000	1.344759
481.000000	1.344698
482.000000	1.344638
483.000000	1.344578
484.000000	1.344519
485.000000	1.344461
486.000000	1.344403
487.000000	1.344345
488.000000	1.344288
489.000000	1.344231
490.000000	1.344175
491.000000	1.344119
492.000000	1.344064
493.000000	1.344009
494.000000	1.343955
495.000000	1.343901
496.000000	1.343848
497.000000	1.343795
498.000000	1.343743
499.000000	1.343691
500.000000	1.343639
501.000000	1.343588
502.000000	1.343537
503.000000	1.343487
504.000000	1.343437
505.000000	1.343387
506.000000	1.343338
507.000000	1.343290
508.000000	1.343241
509.000000	1.343194
510.000000	1.343146
511.000000	1.343099
512.000000	1.343052
513.000000	1.343006
514.000000	1.342960
515.000000	1.342914
516.000000	1.342869
517.000000	1.342824
518.000000	1.342780
519.000000	1.342736
520.000000	1.342692
521.000000	1.342648
522.000000	1.342605
523.000000	1.342563
524.000000	1.342520
525.000000	1.342478
526.000000	1.342436
527.000000	1.342395
528.000000	1.342354
529.000000	1.342313
530.000000	1.342272
531.000000	1.342232
532.000000	1.342192
533.000000	1.342153
534.000000	1.342114
535.000000	1.342075
536.000000	1.342036
537.000000	1.341998
538.000000	1.341960
539.000000	1.341922
540.000000	1.341884
541.000000	1.341847
542.000000	1.341810
543.000000	1.341774
544.000000	1.341737
545.000000	1.341701
546.000000	1.341665
547.000000	1.341630
548.000000	1.341595
549.000000	1.341560
550.000000	1.341525
551.000000	1.341490
552.000000	1.341456
553.000000	1.341422
554.000000	1.341388
555.000000	1.341355
556.000000	1.341322
557.000000	1.341289
558.000000	1.341256
559.000000	1.341223
560.000000	1.341191
561.000000	1.341159
562.000000	1.341127
563.000000	1.341095
564.000000	1.341064
565.000000	1.341033
566.000000	1.341002
567.000000	1.340971
568.000000	1.340941
569.000000	1.340910
570.000000	1.340880
571.000000	1.340850
572.000000	1.340821
573.000000	1.340791
574.000000	1.340762
575.000000	1.340733
576.000000	1.340704
577.000000	1.340675
578.000000	1.340647
579.000000	1.340619
580.000000	1.340591
581.000000	1.340563
582.000000	1.340535
583.000000	1.340508
584.000000	1.340480
585.000000	1.340453
586.000000	1.340426
587.000000	1.340400
588.000000	1.340373
589.000000	1.340347
590.000000	1.340321
591.000000	1.340294
592.000000	1.340269
593.000000	1.340243
594.000000	1.340217
595.000000	1.340192
596.000000	1.340167
597.000000	1.340142
598.000000	1.340117
599.000000	1.340092
600.000000	1.340068
601.000000	1.340044
602.000000	1.340019
603.000000	1.339995
604.000000	1.339972
605.000000	1.339948
606.000000	1.339924
607.000000	1.339901
608.000000	1.339878
609.000000	1.339854
610.000000	1.339831
611.000000	1.339809
612.000000	1.339786
613.000000	1.339763
614.000000	1.339741
615.000000	1.339719
616.000000	1.339697
617.000000	1.339675
618.000000	1.339653
619.000000	1.339631
620.000000	1.339610
621.000000	1.339588
622.000000	1.339567
623.000000	1.339546
624.000000	1.339525
625.000000	1.339504
626.000000	1.339483
627.000000	1.339463
628.000000	1.339442
629.000000	1.339422
630.000000	1.339402
631.000000	1.339381
632.000000	1.339361
633.000000	1.339342
634.000000	1.339322
635.000000	1.339302
636.000000	1.339283
637.000000	1.339263
638.000000	1.339244
639.000000	1.339225
640.000000	1.339206
641.000000	1.339187
642.000000	1.339168
643.000000	1.339149
644.000000	1.339131
645.000000	1.339112
646.000000	1.339094
647.000000	1.339076
648.000000	1.339057
649.000000	1.339039
650.000000	1.339021
651.000000	1.339004
652.000000	1.338986
653.000000	1.338968
654.000000	1.338951
655.000000	1.338933
656.000000	1.338916
657.000000	1.338899
658.000000	1.338881
659.000000	1.338864
660.000000	1.338848
661.000000	1.338831
662.000000	1.338814
663.000000	1.338797
664.000000	1.338781
665.000000	1.338764
666.000000	1.338748
667.000000	1.338732
668.000000	1.338715
669.000000	1.338699
670.000000	1.338683
671.000000	1.338668
672.000000	1.338652
673.000000	1.338636
674.000000	1.338620
675.000000	1.338605
676.000000	1.338589
677.000000	1.338574
678.000000	1.338559
679.000000	1.338543
680.000000	1.338528
681.000000	1.338513
682.000000	1.338498
683.000000	1.338483
684.000000	1.338469
685.000000	1.338454
686.000000	1.338439
687.000000	1.338425
688.000000	1.338410
689.000000	1.338396
690.000000	1.338381
691.000000	1.338367
692.000000	1.338353
693.000000	1.338339
694.000000	1.338325
695.000000	1.338311
696.000000	1.338297
697.000000	1.338283
698.000000	1.338270
699.000000	1.338256
700.000000	1.338242
701.000000	1.338229
702.000000	1.338215
703.000000	1.338202
704.000000	1.338189
705.000000	1.338175
706.000000	1.338162
707.000000	1.338149
708.000000	1.338136
709.000000	1.338123
710.000000	1.338110
711.000000	1.338097
712.000000	1.338085
713.000000	1.338072
714.000000	1.338059
715.000000	1.338047
716.000000	1.338034
717.000000	1.338022
718.000000	1.338010
719.000000	1.337997
720.000000	1.337985
721.000000	1.337973
722.000000	1.337961
723.000000	1.337949
724.000000	1.337937
725.000000	1.337925
726.000000	1.337913
727.000000	1.337901
728.000000	1.337889
729.000000	1.337877
730.000000	1.337866
731.000000	1.337854
732.000000	1.337843
733.000000	1.337831
734.000000	1.337820
735.000000	1.337808
736.000000	1.337797
737.000000	1.337786
738.000000	1.337775
739.000000	1.337763
740.000000	1.337752
741.000000	1.337741
742.000000	1.337730
743.000000	1.337719
744.000000	1.337708
745.000000	1.337698
746.000000	1.337687
747.000000	1.337676
748.000000	1.337665
749.000000	1.337655
750.000000	1.337644
751.000000	1.337634
752.000000	1.337623
753.000000	1.337613
754.000000	1.337602
755.000000	1.337592
756.000000	1.337582
757.000000	1.337571
758.000000	1.337561
759.000000	1.337551
760.000000	1.337541
761.000000	1.337531
762.000000	1.337521
763.000000	1.337511
764.000000	1.337501
765.000000	1.337491
766.000000	1.337481
767.000000	1.337472
768.000000	1.337462
769.000000	1.337452
770.000000	1.337443
771.000000	1.337433
772.000000	1.337423
773.000000	1.337414
774.000000	1.337404
775.000000	1.337395
776.000000	1.337386
777.000000	1.337376
778.000000	1.337367
779.000000	1.337358
780.000000	1.337348
781.000000	1.337339
782.000000	1.337330
783.000000	1.337321
784.000000	1.337312
785.000000	1.337303
786.000000	1.337294
787.000000	1.337285
788.000000	1.337276
789.000000	1.337267
790.000000	1.337258
791.000000	1.337250
792.000000	1.337241
793.000000	1.337232
794.000000	1.337223
795.000000	1.337215
796.000000	1.337206
797.000000	1.337198
798.000000	1.337189
799.000000	1.337181
800.000000	1.337172
801.000000	1.337164
802.000000	1.337155
803.000000	1.337147
804.000000	1.337139
805.000000	1.337130
806.000000	1.337122
807.000000	1.337114
808.000000	1.337106
809.000000	1.337098
810.000000	1.337089
811.000000	1.337081
812.000000	1.337073
813.000000	1.337065
814.000000	1.337057
815.000000	1.337049
816.000000	1.337041
817.000000	1.337034
818.000000	1.337026
819.000000	1.337018
820.000000	1.337010
821.000000	1.337002
822.000000	1.336995
823.000000	1.336987
824.000000	1.336979
825.000000	1.336972
826.000000	1.336964
827.000000	1.336956
828.000000	1.336949
829.000000	1.336941
830.000000	1.336934
831.000000	1.336926
832.000000	1.336919
833.000000	1.336912
834.000000	1.336904
835.000000	1.336897
836.000000	1.336890
837.000000	1.336882
838.000000	1.336875
839.000000	1.336868
840.000000	1.336861
841.000000	1.336854
842.000000	1.336846
843.000000	1.336839
844.000000	1.336832
845.000000	1.336825
846.000000	1.336818
847.000000	1.336811
848.000000	1.336804
849.000000	1.336797
850.000000	1.336790
