300.000000	1.575609
301.000000	1.575042
302.000000	1.574481
303.000000	1.573927
304.000000	1.573379
305.000000	1.572838
306.000000	1.572303
307.000000	1.571775
308.000000	1.571252
309.000000	1.570736
310.000000	1.570225
311.000000	1.569721
312.000000	1.569222
313.000000	1.568729
314.000000	1.568241
315.000000	1.567759
316.000000	1.567282
317.000000	1.566811
318.000000	1.566345
319.000000	1.565884
320.000000	1.565428
321.000000	1.564977
322.000000	1.564531
323.000000	1.564090
324.000000	1.563654
325.000000	1.563222
326.000000	1.562795
327.000000	1.562373
328.000000	1.561955
329.000000	1.561541
330.000000	1.561132
331.000000	1.560728
332.000000	1.560327
333.000000	1.559931
334.000000	1.559539
335.000000	1.559151
336.000000	1.558767
337.000000	1.558386
338.000000	1.558010
339.000000	1.557638
340.000000	1.557269
341.000000	1.556904
342.000000	1.556543
343.000000	1.556186
344.000000	1.555832
345.000000	1.555481
346.000000	1.555134
347.000000	1.554791
348.000000	1.554451
349.000000	1.554114
350.000000	1.553780
351.000000	1.553450
352.000000	1.553123
353.000000	1.552799
354.000000	1.552479
355.000000	1.552161
356.000000	1.551847
357.000000	1.551535
358.000000	1.551226
359.000000	1.550921
360.000000	1.550618
361.000000	1.550318
362.000000	1.550021
363.000000	1.549727
364.000000	1.549435
365.000000	1.549146
366.000000	1.548860
367.000000	1.548577
368.000000	1.548296
369.000000	1.548017
370.000000	1.547741
371.000000	1.547468
372.000000	1.547197
373.000000	1.546929
374.000000	1.546663
375.000000	1.546399
376.000000	1.546138
377.000000	1.545879
378.000000	1.545623
379.000000	1.545369
380.000000	1.545117
381.000000	1.544867
382.000000	1.544619
383.000000	1.544374
384.000000	1.544130
385.000000	1.543889
386.000000	1.543650
387.000000	1.543413
388.000000	1.543178
389.000000	1.542945
390.000000	1.542714
391.000000	1.542485
392.000000	1.542258
393.000000	1.542033
394.000000	1.541810
395.000000	1.541588
396.000000	1.541369
397.000000	1.541151
398.000000	1.540935
399.000000	1.540721
400.000000	1.540509
401.000000	1.540298
402.000000	1.540090
403.000000	1.539883
404.000000	1.539677
405.000000	1.539474
406.000000	1.539272
407.000000	1.539071
408.000000	1.538872
409.000000	1.538675
410.000000	1.538480
411.000000	1.538286
412.000000	1.538093
413.000000	1.537903
414.000000	1.537713
415.000000	1.537525
416.000000	1.537339
417.000000	1.537154
418.000000	1.536971
419.000000	1.536789
420.000000	1.536608
421.000000	1.536429
422.000000	1.536251
423.000000	1.536075
424.000000	1.535900
425.000000	1.535726
426.000000	1.535554
427.000000	1.535383
428.000000	1.535213
429.000000	1.535044
430.000000	1.534877
431.000000	1.534711
432.000000	1.534547
433.000000	1.534383
434.000000	1.534221
435.000000	1.534060
436.000000	1.533901
437.000000	1.533742
438.000000	1.533585
439.000000	1.533429
440.000000	1.533274
441.000000	1.533120
442.000000	1.532967
443.000000	1.532815
444.000000	1.532665
445.000000	1.532516
446.000000	1.532367
447.000000	1.532220
448.000000	1.532074
449.000000	1.531929
450.000000	1.531785
451.000000	1.531642
452.000000	1.531500
453.000000	1.531359
454.000000	1.531219
455.000000	1.531080
456.000000	1.530942
457.000000	1.530805
458.000000	1.530669
459.000000	1.530534
460.000000	1.530400
461.000000	1.530266
462.000000	1.530134
463.000000	1.530003
464.000000	1.529872
465.000000	1.529743
466.000000	1.529614
467.000000	1.529487
468.000000	1.529360
469.000000	1.529234
470.000000	1.529109
471.000000	1.528985
472.000000	1.528861
473.000000	1.528739
474.000000	1.528617
475.000000	1.528496
476.000000	1.528376
477.000000	1.528257
478.000000	1.528138
479.000000	1.528020
480.000000	1.527904
481.000000	1.527788
482.000000	1.527672
483.000000	1.527558
484.000000	1.527444
485.000000	1.527331
486.000000	1.527219
487.000000	1.527107
488.000000	1.526996
489.000000	1.526886
490.000000	1.526777
491.000000	1.526668
492.000000	1.526560
493.000000	1.526453
494.000000	1.526346
495.000000	1.526240
496.000000	1.526135
497.000000	1.526031
498.000000	1.525927
499.000000	1.525824
500.000000	1.525721
501.000000	1.525619
502.000000	1.525518
503.000000	1.525418
504.000000	1.525318
505.000000	1.525218
506.000000	1.525120
507.000000	1.525022
508.000000	1.524924
509.000000	1.524827
510.000000	1.524731
511.000000	1.524636
512.000000	1.524541
513.000000	1.524446
514.000000	1.524352
515.000000	1.524259
516.000000	1.524166
517.000000	1.524074
518.000000	1.523983
519.000000	1.523892
520.000000	1.523801
521.000000	1.523711
522.000000	1.523622
523.000000	1.523533
524.000000	1.523445
525.000000	1.523357
526.000000	1.523270
527.000000	1.523184
528.000000	1.523097
529.000000	1.523012
530.000000	1.522927
531.000000	1.522842
532.000000	1.522758
533.000000	1.522674
534.000000	1.522591
535.000000	1.522509
536.000000	1.522427
537.000000	1.522345
538.000000	1.522264
539.000000	1.522183
540.000000	1.522103
541.000000	1.522023
542.000000	1.521944
543.000000	1.521865
544.000000	1.521787
545.000000	1.521709
546.000000	1.521632
547.000000	1.521555
548.000000	1.521478
549.000000	1.521402
550.000000	1.521326
551.000000	1.521251
552.000000	1.521176
553.000000	1.521102
554.000000	1.521028
555.000000	1.520954
556.000000	1.520881
557.000000	1.520809
558.000000	1.520736
559.000000	1.520664
560.000000	1.520593
561.000000	1.520522
562.000000	1.520451
563.000000	1.520381
564.000000	1.520311
565.000000	1.520242
566.000000	1.520173
567.000000	1.520104
568.000000	1.520035
569.000000	1.519968
570.000000	1.519900
571.000000	1.519833
572.000000	1.519766
573.000000	1.519699
574.000000	1.519633
575.000000	1.519568
576.000000	1.519502
577.000000	1.519437
578.000000	1.519372
579.000000	1.519308
580.000000	1.519244
581.000000	1.519181
582.000000	1.519117
583.000000	1.519054
584.000000	1.518992
585.000000	1.518929
586.000000	1.518868
587.000000	1.518806
588.000000	1.518745
589.000000	1.518684
590.000000	1.518623
591.000000	1.518563
592.000000	1.518503
593.000000	1.518443
594.000000	1.518384
595.000000	1.518325
596.000000	1.518266
597.000000	1.518208
598.000000	1.518149
599.000000	1.518092
600.000000	1.518034
601.000000	1.517977
602.000000	1.517920
603.000000	1.517863
604.000000	1.517807
605.000000	1.517751
606.000000	1.517695
607.000000	1.517640
608.000000	1.517585
609.000000	1.517530
610.000000	1.517475
611.000000	1.517421
612.000000	1.517367
613.000000	1.517313
614.000000	1.517260
615.000000	1.517206
616.000000	1.517153
617.000000	1.517101
618.000000	1.517048
619.000000	1.516996
620.000000	1.516944
621.000000	1.516893
622.000000	1.516841
623.000000	1.516790
624.000000	1.516739
625.000000	1.516689
626.000000	1.516638
627.000000	1.516588
628.000000	1.516539
629.000000	1.516489
630.000000	1.516440
631.000000	1.516390
632.000000	1.516342
633.000000	1.516293
634.000000	1.516245
635.000000	1.516196
636.000000	1.516149
637.000000	1.516101
638.000000	1.516053
639.000000	1.516006
640.000000	1.515959
641.000000	1.515912
642.000000	1.515866
643.000000	1.515820
644.000000	1.515774
645.000000	1.515728
646.000000	1.515682
647.000000	1.515637
648.000000	1.515591
649.000000	1.515547
650.000000	1.515502
651.000000	1.515457
652.000000	1.515413
653.000000	1.515369
654.000000	1.515325
655.000000	1.515281
656.000000	1.515238
657.000000	1.515194
658.000000	1.515151
659.000000	1.515108
660.000000	1.515066
661.000000	1.515023
662.000000	1.514981
663.000000	1.514939
664.000000	1.514897
665.000000	1.514855
666.000000	1.514814
667.000000	1.514772
668.000000	1.514731
669.000000	1.514690
670.000000	1.514650
671.000000	1.514609
672.000000	1.514569
673.000000	1.514529
674.000000	1.514489
675.000000	1.514449
676.000000	1.514409
677.000000	1.514370
678.000000	1.514331
679.000000	1.514291
680.000000	1.514253
681.000000	1.514214
682.000000	1.514175
683.000000	1.514137
684.000000	1.514099
685.000000	1.514061
686.000000	1.514023
687.000000	1.513985
688.000000	1.513948
689.000000	1.513910
690.000000	1.513873
691.000000	1.513836
692.000000	1.513799
693.000000	1.513763
694.000000	1.513726
695.000000	1.513690
696.000000	1.513654
697.000000	1.513618
698.000000	1.513582
699.000000	1.513546
700.000000	1.513511
701.000000	1.513475
702.000000	1.513440
703.000000	1.513405
704.000000	1.513370
705.000000	1.513335
706.000000	1.513300
707.000000	1.513266
708.000000	1.513232
709.000000	1.513198
710.000000	1.513164
711.000000	1.513130
712.000000	1.513096
713.000000	1.513062
714.000000	1.513029
715.000000	1.512996
716.000000	1.512962
717.000000	1.512929
718.000000	1.512897
719.000000	1.512864
720.000000	1.512831
721.000000	1.512799
722.000000	1.512767
723.000000	1.512734
724.000000	1.512702
725.000000	1.512671
726.000000	1.512639
727.000000	1.512607
728.000000	1.512576
729.000000	1.512544
730.000000	1.512513
731.000000	1.512482
732.000000	1.512451
733.000000	1.512420
734.000000	1.512390
735.000000	1.512359
736.000000	1.512329
737.000000	1.512298
738.000000	1.512268
739.000000	1.512238
740.000000	1.512208
741.000000	1.512178
742.000000	1.512149
743.000000	1.512119
744.000000	1.512090
745.000000	1.512060
746.000000	1.512031
747.000000	1.512002
748.000000	1.511973
749.000000	1.511944
750.000000	1.511916
751.000000	1.511887
752.000000	1.511859
753.000000	1.511830
754.000000	1.511802
755.000000	1.511774
756.000000	1.511746
757.000000	1.511718
758.000000	1.511690
759.000000	1.511662
760.000000	1.511635
761.000000	1.511607
762.000000	1.511580
763.000000	1.511553
764.000000	1.511526
765.000000	1.511499
766.000000	1.511472
767.000000	1.511445
768.000000	1.511418
769.000000	1.511392
770.000000	1.511365
771.000000	1.511339
772.000000	1.511313
773.000000	1.511287
774.000000	1.511261
775.000000	1.511235
776.000000	1.511209
777.000000	1.511183
778.000000	1.511157
779.000000	1.511132
780.000000	1.511106
781.000000	1.511081
782.000000	1.511056
783.000000	1.511031
784.000000	1.511006
785.000000	1.510981
786.000000	1.510956
787.000000	1.510931
788.000000	1.510906
789.000000	1.510882
790.000000	1.510857
791.000000	1.510833
792.000000	1.510809
793.000000	1.510785
794.000000	1.510761
795.000000	1.510737
796.000000	1.510713
797.000000	1.510689
798.000000	1.510665
799.000000	1.510641
800.000000	1.510618
801.000000	1.510595
802.000000	1.510571
803.000000	1.510548
804.000000	1.510525
805.000000	1.510502
806.000000	1.510479
807.000000	1.510456
808.000000	1.510433
809.000000	1.510410
810.000000	1.510388
811.000000	1.510365
812.000000	1.510343
813.000000	1.510320
814.000000	1.510298
815.000000	1.510276
816.000000	1.510253
817.000000	1.510231
818.000000	1.510209
819.000000	1.510188
820.000000	1.510166
821.000000	1.510144
822.000000	1.510122
823.000000	1.510101
824.000000	1.510079
825.000000	1.510058
826.000000	1.510037
827.000000	1.510015
828.000000	1.509994
829.000000	1.509973
830.000000	1.509952
831.000000	1.509931
832.000000	1.509910
833.000000	1.509889
834.000000	1.509869
835.000000	1.509848
836.000000	1.509828
837.000000	1.509807
838.000000	1.509787
839.000000	1.509766
840.000000	1.509746
841.000000	1.509726
842.000000	1.509706
843.000000	1.509686
844.000000	1.509666
845.000000	1.509646
846.000000	1.509626
847.000000	1.509606
848.000000	1.509587
849.000000	1.509567
850.000000	1.509548
