1.000
1.0029
1.006
1.0089
1.0115
1.0137
1.0155
1.0172
1.0188
1.0202
1.0216
1.0229
1.0242
1.0256
1.0269
1.0284
1.0299
1.0315
1.033
1.0345
1.0361
1.0377
1.0392
1.0408
1.0424
1.044
1.0455
1.0471
1.0487
1.0503
1.052
1.0536
1.0552
1.0569
1.0586
1.0603
1.062
1.0638
1.0656
1.0674
1.0692
1.071
1.0729
1.0747
1.0765
1.0783
1.08
1.0818
1.0836
1.0854
1.0871
1.0889
1.0906
1.0924
1.0941
1.0959
1.0976
1.0993
1.101
1.1027
1.1043
1.106
1.1077
1.1094
1.1111
1.1129
1.1147
1.1165
1.1183
1.1201
1.1219
1.1237
1.1256
1.1274
1.1292
1.131
1.1328
1.1345
1.1363
1.1381
1.1398
1.1416
1.1434
1.1451
1.1469
1.1486
1.1504
1.1522
1.154
1.1557
1.1575
1.1593
1.161
1.1627
1.1644
1.1661
1.1676
1.1692
1.1707
1.1722
1.1736
1.1751
1.1766
1.1781
1.1797
1.1813
1.183
1.1847
1.1864
1.1882
1.19
1.1919
1.1937
1.1956
1.1974
1.1993
1.2011
1.203
1.2049
1.2067
1.2086
1.2105
1.2124
1.2143
1.2163
1.2182
1.2201
1.2221
1.2241
1.2261
1.2281
1.2301
1.2321
1.2341
1.2361
1.2381
1.2401
1.2421
1.2441
1.2461
1.2481
1.2502
1.2522
1.2542
1.2563
1.2584
1.2605
1.2626
1.2648
1.2669
1.2691
1.2713
1.2735
1.2757
1.2778
1.28
1.2822
1.2845
1.2867
1.2889
1.2911
1.2934
1.2956
1.2979
1.3001
1.3023
1.3046
1.3068
1.309
1.3112
1.3135
1.3157
1.3179
1.3202
1.3224
1.3247
1.3269
1.3292
1.3315
1.3338
1.3361
1.3384
1.3407
1.343
1.3454
1.3477
1.35
1.3523
1.3547
1.357
1.3594
1.3617
1.3641
1.3664
1.3688
1.3711
1.3735
1.3759
1.3783
1.3806
1.383
1.3854
1.3878
1.3902
1.3926
1.395
1.3974
1.3999
1.4023
1.4047
1.4071
1.4096
1.412
1.4145
1.4169
1.4194
