300.000000	1.448006
301.000000	1.447472
302.000000	1.446945
303.000000	1.446423
304.000000	1.445907
305.000000	1.445397
306.000000	1.444893
307.000000	1.444394
308.000000	1.443900
309.000000	1.443413
310.000000	1.442930
311.000000	1.442453
312.000000	1.441981
313.000000	1.441514
314.000000	1.441052
315.000000	1.440596
316.000000	1.440144
317.000000	1.439697
318.000000	1.439254
319.000000	1.438817
320.000000	1.438384
321.000000	1.437955
322.000000	1.437531
323.000000	1.437112
324.000000	1.436697
325.000000	1.436286
326.000000	1.435879
327.000000	1.435477
328.000000	1.435079
329.000000	1.434684
330.000000	1.434294
331.000000	1.433908
332.000000	1.433526
333.000000	1.433147
334.000000	1.432772
335.000000	1.432401
336.000000	1.432034
337.000000	1.431670
338.000000	1.431310
339.000000	1.430954
340.000000	1.430601
341.000000	1.430251
342.000000	1.429905
343.000000	1.429562
344.000000	1.429223
345.000000	1.428886
346.000000	1.428553
347.000000	1.428223
348.000000	1.427897
349.000000	1.427573
350.000000	1.427253
351.000000	1.426935
352.000000	1.426621
353.000000	1.426309
354.000000	1.426000
355.000000	1.425695
356.000000	1.425392
357.000000	1.425091
358.000000	1.424794
359.000000	1.424499
360.000000	1.424207
361.000000	1.423918
362.000000	1.423631
363.000000	1.423347
364.000000	1.423066
365.000000	1.422787
366.000000	1.422510
367.000000	1.422236
368.000000	1.421965
369.000000	1.421696
370.000000	1.421429
371.000000	1.421164
372.000000	1.420902
373.000000	1.420643
374.000000	1.420385
375.000000	1.420130
376.000000	1.419877
377.000000	1.419626
378.000000	1.419377
379.000000	1.419131
380.000000	1.418886
381.000000	1.418644
382.000000	1.418404
383.000000	1.418165
384.000000	1.417929
385.000000	1.417695
386.000000	1.417463
387.000000	1.417232
388.000000	1.417004
389.000000	1.416777
390.000000	1.416553
391.000000	1.416330
392.000000	1.416109
393.000000	1.415890
394.000000	1.415673
395.000000	1.415457
396.000000	1.415244
397.000000	1.415032
398.000000	1.414822
399.000000	1.414613
400.000000	1.414406
401.000000	1.414201
402.000000	1.413997
403.000000	1.413796
404.000000	1.413595
405.000000	1.413397
406.000000	1.413199
407.000000	1.413004
408.000000	1.412810
409.000000	1.412617
410.000000	1.412426
411.000000	1.412237
412.000000	1.412049
413.000000	1.411862
414.000000	1.411677
415.000000	1.411494
416.000000	1.411312
417.000000	1.411131
418.000000	1.410951
419.000000	1.410773
420.000000	1.410596
421.000000	1.410421
422.000000	1.410247
423.000000	1.410074
424.000000	1.409903
425.000000	1.409733
426.000000	1.409564
427.000000	1.409397
428.000000	1.409230
429.000000	1.409065
430.000000	1.408901
431.000000	1.408739
432.000000	1.408577
433.000000	1.408417
434.000000	1.408258
435.000000	1.408100
436.000000	1.407944
437.000000	1.407788
438.000000	1.407634
439.000000	1.407480
440.000000	1.407328
441.000000	1.407177
442.000000	1.407027
443.000000	1.406878
444.000000	1.406730
445.000000	1.406583
446.000000	1.406438
447.000000	1.406293
448.000000	1.406149
449.000000	1.406006
450.000000	1.405865
451.000000	1.405724
452.000000	1.405584
453.000000	1.405446
454.000000	1.405308
455.000000	1.405171
456.000000	1.405035
457.000000	1.404901
458.000000	1.404767
459.000000	1.404634
460.000000	1.404502
461.000000	1.404370
462.000000	1.404240
463.000000	1.404111
464.000000	1.403982
465.000000	1.403855
466.000000	1.403728
467.000000	1.403602
468.000000	1.403477
469.000000	1.403353
470.000000	1.403229
471.000000	1.403107
472.000000	1.402985
473.000000	1.402864
474.000000	1.402744
475.000000	1.402625
476.000000	1.402506
477.000000	1.402389
478.000000	1.402272
479.000000	1.402155
480.000000	1.402040
481.000000	1.401925
482.000000	1.401811
483.000000	1.401698
484.000000	1.401586
485.000000	1.401474
486.000000	1.401363
487.000000	1.401253
488.000000	1.401143
489.000000	1.401035
490.000000	1.400927
491.000000	1.400819
492.000000	1.400712
493.000000	1.400606
494.000000	1.400501
495.000000	1.400396
496.000000	1.400292
497.000000	1.400189
498.000000	1.400086
499.000000	1.399984
500.000000	1.399883
501.000000	1.399782
502.000000	1.399682
503.000000	1.399582
504.000000	1.399483
505.000000	1.399385
506.000000	1.399287
507.000000	1.399190
508.000000	1.399093
509.000000	1.398997
510.000000	1.398902
511.000000	1.398807
512.000000	1.398713
513.000000	1.398620
514.000000	1.398527
515.000000	1.398434
516.000000	1.398342
517.000000	1.398251
518.000000	1.398160
519.000000	1.398070
520.000000	1.397980
521.000000	1.397891
522.000000	1.397803
523.000000	1.397715
524.000000	1.397627
525.000000	1.397540
526.000000	1.397454
527.000000	1.397368
528.000000	1.397282
529.000000	1.397197
530.000000	1.397113
531.000000	1.397029
532.000000	1.396945
533.000000	1.396862
534.000000	1.396780
535.000000	1.396698
536.000000	1.396616
537.000000	1.396535
538.000000	1.396454
539.000000	1.396374
540.000000	1.396295
541.000000	1.396215
542.000000	1.396137
543.000000	1.396058
544.000000	1.395981
545.000000	1.395903
546.000000	1.395826
547.000000	1.395750
548.000000	1.395674
549.000000	1.395598
550.000000	1.395523
551.000000	1.395448
552.000000	1.395373
553.000000	1.395300
554.000000	1.395226
555.000000	1.395153
556.000000	1.395080
557.000000	1.395008
558.000000	1.394936
559.000000	1.394864
560.000000	1.394793
561.000000	1.394723
562.000000	1.394652
563.000000	1.394582
564.000000	1.394513
565.000000	1.394444
566.000000	1.394375
567.000000	1.394306
568.000000	1.394238
569.000000	1.394171
570.000000	1.394103
571.000000	1.394036
572.000000	1.393970
573.000000	1.393904
574.000000	1.393838
575.000000	1.393772
576.000000	1.393707
577.000000	1.393642
578.000000	1.393578
579.000000	1.393514
580.000000	1.393450
581.000000	1.393387
582.000000	1.393324
583.000000	1.393261
584.000000	1.393199
585.000000	1.393137
586.000000	1.393075
587.000000	1.393013
588.000000	1.392952
589.000000	1.392892
590.000000	1.392831
591.000000	1.392771
592.000000	1.392711
593.000000	1.392652
594.000000	1.392592
595.000000	1.392534
596.000000	1.392475
597.000000	1.392417
598.000000	1.392359
599.000000	1.392301
600.000000	1.392244
601.000000	1.392187
602.000000	1.392130
603.000000	1.392073
604.000000	1.392017
605.000000	1.391961
606.000000	1.391906
607.000000	1.391850
608.000000	1.391795
609.000000	1.391740
610.000000	1.391686
611.000000	1.391632
612.000000	1.391578
613.000000	1.391524
614.000000	1.391471
615.000000	1.391417
616.000000	1.391365
617.000000	1.391312
618.000000	1.391260
619.000000	1.391208
620.000000	1.391156
621.000000	1.391104
622.000000	1.391053
623.000000	1.391002
624.000000	1.390951
625.000000	1.390900
626.000000	1.390850
627.000000	1.390800
628.000000	1.390750
629.000000	1.390701
630.000000	1.390651
631.000000	1.390602
632.000000	1.390553
633.000000	1.390505
634.000000	1.390456
635.000000	1.390408
636.000000	1.390360
637.000000	1.390313
638.000000	1.390265
639.000000	1.390218
640.000000	1.390171
641.000000	1.390124
642.000000	1.390078
643.000000	1.390032
644.000000	1.389986
645.000000	1.389940
646.000000	1.389894
647.000000	1.389849
648.000000	1.389803
649.000000	1.389758
650.000000	1.389714
651.000000	1.389669
652.000000	1.389625
653.000000	1.389581
654.000000	1.389537
655.000000	1.389493
656.000000	1.389449
657.000000	1.389406
658.000000	1.389363
659.000000	1.389320
660.000000	1.389277
661.000000	1.389235
662.000000	1.389192
663.000000	1.389150
664.000000	1.389108
665.000000	1.389067
666.000000	1.389025
667.000000	1.388984
668.000000	1.388943
669.000000	1.388902
670.000000	1.388861
671.000000	1.388820
672.000000	1.388780
673.000000	1.388740
674.000000	1.388700
675.000000	1.388660
676.000000	1.388620
677.000000	1.388581
678.000000	1.388541
679.000000	1.388502
680.000000	1.388463
681.000000	1.388424
682.000000	1.388386
683.000000	1.388347
684.000000	1.388309
685.000000	1.388271
686.000000	1.388233
687.000000	1.388195
688.000000	1.388158
689.000000	1.388120
690.000000	1.388083
691.000000	1.388046
692.000000	1.388009
693.000000	1.387972
694.000000	1.387936
695.000000	1.387899
696.000000	1.387863
697.000000	1.387827
698.000000	1.387791
699.000000	1.387755
700.000000	1.387719
701.000000	1.387684
702.000000	1.387649
703.000000	1.387614
704.000000	1.387578
705.000000	1.387544
706.000000	1.387509
707.000000	1.387474
708.000000	1.387440
709.000000	1.387406
710.000000	1.387372
711.000000	1.387338
712.000000	1.387304
713.000000	1.387270
714.000000	1.387237
715.000000	1.387203
716.000000	1.387170
717.000000	1.387137
718.000000	1.387104
719.000000	1.387071
720.000000	1.387038
721.000000	1.387006
722.000000	1.386973
723.000000	1.386941
724.000000	1.386909
725.000000	1.386877
726.000000	1.386845
727.000000	1.386813
728.000000	1.386782
729.000000	1.386750
730.000000	1.386719
731.000000	1.386688
732.000000	1.386657
733.000000	1.386626
734.000000	1.386595
735.000000	1.386564
736.000000	1.386534
737.000000	1.386503
738.000000	1.386473
739.000000	1.386443
740.000000	1.386413
741.000000	1.386383
742.000000	1.386353
743.000000	1.386324
744.000000	1.386294
745.000000	1.386265
746.000000	1.386235
747.000000	1.386206
748.000000	1.386177
749.000000	1.386148
750.000000	1.386119
751.000000	1.386091
752.000000	1.386062
753.000000	1.386033
754.000000	1.386005
755.000000	1.385977
756.000000	1.385949
757.000000	1.385921
758.000000	1.385893
759.000000	1.385865
760.000000	1.385837
761.000000	1.385810
762.000000	1.385782
763.000000	1.385755
764.000000	1.385728
765.000000	1.385701
766.000000	1.385674
767.000000	1.385647
768.000000	1.385620
769.000000	1.385593
770.000000	1.385567
771.000000	1.385540
772.000000	1.385514
773.000000	1.385487
774.000000	1.385461
775.000000	1.385435
776.000000	1.385409
777.000000	1.385383
778.000000	1.385357
779.000000	1.385332
780.000000	1.385306
781.000000	1.385281
782.000000	1.385255
783.000000	1.385230
784.000000	1.385205
785.000000	1.385180
786.000000	1.385155
787.000000	1.385130
788.000000	1.385105
789.000000	1.385081
790.000000	1.385056
791.000000	1.385032
792.000000	1.385007
793.000000	1.384983
794.000000	1.384959
795.000000	1.384934
796.000000	1.384910
797.000000	1.384887
798.000000	1.384863
799.000000	1.384839
800.000000	1.384815
801.000000	1.384792
802.000000	1.384768
803.000000	1.384745
804.000000	1.384722
805.000000	1.384698
806.000000	1.384675
807.000000	1.384652
808.000000	1.384629
809.000000	1.384606
810.000000	1.384584
811.000000	1.384561
812.000000	1.384538
813.000000	1.384516
814.000000	1.384493
815.000000	1.384471
816.000000	1.384449
817.000000	1.384426
818.000000	1.384404
819.000000	1.384382
820.000000	1.384360
821.000000	1.384339
822.000000	1.384317
823.000000	1.384295
824.000000	1.384273
825.000000	1.384252
826.000000	1.384230
827.000000	1.384209
828.000000	1.384188
829.000000	1.384167
830.000000	1.384145
831.000000	1.384124
832.000000	1.384103
833.000000	1.384082
834.000000	1.384062
835.000000	1.384041
836.000000	1.384020
837.000000	1.384000
838.000000	1.383979
839.000000	1.383959
840.000000	1.383938
841.000000	1.383918
842.000000	1.383898
843.000000	1.383877
844.000000	1.383857
845.000000	1.383837
846.000000	1.383817
847.000000	1.383798
848.000000	1.383778
849.000000	1.383758
850.000000	1.383738
851.000000	1.383719
852.000000	1.383699
853.000000	1.383680
854.000000	1.383660
855.000000	1.383641
856.000000	1.383622
857.000000	1.383603
858.000000	1.383584
859.000000	1.383565
860.000000	1.383546
861.000000	1.383527
862.000000	1.383508
863.000000	1.383489
864.000000	1.383470
865.000000	1.383452
866.000000	1.383433
867.000000	1.383415
868.000000	1.383396
869.000000	1.383378
870.000000	1.383359
871.000000	1.383341
872.000000	1.383323
873.000000	1.383305
874.000000	1.383287
875.000000	1.383269
876.000000	1.383251
877.000000	1.383233
878.000000	1.383215
879.000000	1.383198
880.000000	1.383180
881.000000	1.383162
882.000000	1.383145
883.000000	1.383127
884.000000	1.383110
885.000000	1.383092
886.000000	1.383075
887.000000	1.383058
888.000000	1.383040
889.000000	1.383023
890.000000	1.383006
891.000000	1.382989
892.000000	1.382972
893.000000	1.382955
894.000000	1.382938
895.000000	1.382922
896.000000	1.382905
897.000000	1.382888
898.000000	1.382872
899.000000	1.382855
900.000000	1.382839
901.000000	1.382822
902.000000	1.382806
903.000000	1.382789
904.000000	1.382773
905.000000	1.382757
906.000000	1.382741
907.000000	1.382724
908.000000	1.382708
909.000000	1.382692
910.000000	1.382676
911.000000	1.382660
912.000000	1.382645
913.000000	1.382629
914.000000	1.382613
915.000000	1.382597
916.000000	1.382582
917.000000	1.382566
918.000000	1.382551
919.000000	1.382535
920.000000	1.382520
921.000000	1.382504
922.000000	1.382489
923.000000	1.382474
924.000000	1.382458
925.000000	1.382443
926.000000	1.382428
927.000000	1.382413
928.000000	1.382398
929.000000	1.382383
930.000000	1.382368
931.000000	1.382353
932.000000	1.382338
933.000000	1.382323
934.000000	1.382309
935.000000	1.382294
936.000000	1.382279
937.000000	1.382265
938.000000	1.382250
939.000000	1.382236
940.000000	1.382221
941.000000	1.382207
942.000000	1.382192
943.000000	1.382178
944.000000	1.382164
945.000000	1.382149
946.000000	1.382135
947.000000	1.382121
948.000000	1.382107
949.000000	1.382093
950.000000	1.382079
951.000000	1.382065
952.000000	1.382051
953.000000	1.382037
954.000000	1.382023
955.000000	1.382010
956.000000	1.381996
957.000000	1.381982
958.000000	1.381968
959.000000	1.381955
960.000000	1.381941
961.000000	1.381928
962.000000	1.381914
963.000000	1.381901
964.000000	1.381887
965.000000	1.381874
966.000000	1.381861
967.000000	1.381847
968.000000	1.381834
969.000000	1.381821
970.000000	1.381808
971.000000	1.381795
972.000000	1.381782
973.000000	1.381769
974.000000	1.381756
975.000000	1.381743
976.000000	1.381730
977.000000	1.381717
978.000000	1.381704
979.000000	1.381691
980.000000	1.381679
981.000000	1.381666
982.000000	1.381653
983.000000	1.381641
984.000000	1.381628
985.000000	1.381615
986.000000	1.381603
987.000000	1.381590
988.000000	1.381578
989.000000	1.381566
990.000000	1.381553
991.000000	1.381541
992.000000	1.381529
993.000000	1.381516
994.000000	1.381504
995.000000	1.381492
996.000000	1.381480
997.000000	1.381468
998.000000	1.381456
999.000000	1.381444
1000.000000	1.381432
1001.000000	1.381420
1002.000000	1.381408
1003.000000	1.381396
1004.000000	1.381384
1005.000000	1.381372
1006.000000	1.381361
1007.000000	1.381349
1008.000000	1.381337
1009.000000	1.381325
1010.000000	1.381314
1011.000000	1.381302
1012.000000	1.381291
1013.000000	1.381279
1014.000000	1.381268
1015.000000	1.381256
1016.000000	1.381245
1017.000000	1.381233
1018.000000	1.381222
1019.000000	1.381211
1020.000000	1.381199
1021.000000	1.381188
1022.000000	1.381177
1023.000000	1.381166
1024.000000	1.381155
1025.000000	1.381143
1026.000000	1.381132
1027.000000	1.381121
1028.000000	1.381110
1029.000000	1.381099
1030.000000	1.381088
1031.000000	1.381077
1032.000000	1.381067
1033.000000	1.381056
1034.000000	1.381045
1035.000000	1.381034
1036.000000	1.381023
1037.000000	1.381013
1038.000000	1.381002
1039.000000	1.380991
1040.000000	1.380981
1041.000000	1.380970
1042.000000	1.380959
1043.000000	1.380949
1044.000000	1.380938
1045.000000	1.380928
1046.000000	1.380917
1047.000000	1.380907
1048.000000	1.380896
1049.000000	1.380886
1050.000000	1.380876
1051.000000	1.380865
1052.000000	1.380855
1053.000000	1.380845
1054.000000	1.380835
1055.000000	1.380825
1056.000000	1.380814
1057.000000	1.380804
1058.000000	1.380794
1059.000000	1.380784
1060.000000	1.380774
1061.000000	1.380764
1062.000000	1.380754
1063.000000	1.380744
1064.000000	1.380734
1065.000000	1.380724
1066.000000	1.380714
1067.000000	1.380705
1068.000000	1.380695
1069.000000	1.380685
1070.000000	1.380675
1071.000000	1.380665
1072.000000	1.380656
1073.000000	1.380646
1074.000000	1.380636
1075.000000	1.380627
1076.000000	1.380617
1077.000000	1.380608
1078.000000	1.380598
1079.000000	1.380589
1080.000000	1.380579
1081.000000	1.380570
1082.000000	1.380560
1083.000000	1.380551
1084.000000	1.380541
1085.000000	1.380532
1086.000000	1.380523
1087.000000	1.380513
1088.000000	1.380504
1089.000000	1.380495
1090.000000	1.380486
1091.000000	1.380476
1092.000000	1.380467
1093.000000	1.380458
1094.000000	1.380449
1095.000000	1.380440
1096.000000	1.380431
1097.000000	1.380422
1098.000000	1.380413
1099.000000	1.380404
1100.000000	1.380395
1101.000000	1.380386
1102.000000	1.380377
1103.000000	1.380368
1104.000000	1.380359
1105.000000	1.380350
1106.000000	1.380341
1107.000000	1.380332
1108.000000	1.380324
1109.000000	1.380315
1110.000000	1.380306
1111.000000	1.380298
1112.000000	1.380289
1113.000000	1.380280
1114.000000	1.380272
1115.000000	1.380263
1116.000000	1.380254
1117.000000	1.380246
1118.000000	1.380237
1119.000000	1.380229
1120.000000	1.380220
1121.000000	1.380212
1122.000000	1.380203
1123.000000	1.380195
1124.000000	1.380186
1125.000000	1.380178
1126.000000	1.380170
1127.000000	1.380161
1128.000000	1.380153
1129.000000	1.380145
1130.000000	1.380136
1131.000000	1.380128
1132.000000	1.380120
1133.000000	1.380112
1134.000000	1.380104
1135.000000	1.380095
1136.000000	1.380087
1137.000000	1.380079
1138.000000	1.380071
1139.000000	1.380063
1140.000000	1.380055
1141.000000	1.380047
1142.000000	1.380039
1143.000000	1.380031
1144.000000	1.380023
1145.000000	1.380015
1146.000000	1.380007
1147.000000	1.379999
1148.000000	1.379991
1149.000000	1.379983
1150.000000	1.379975
1151.000000	1.379968
1152.000000	1.379960
1153.000000	1.379952
1154.000000	1.379944
1155.000000	1.379937
1156.000000	1.379929
1157.000000	1.379921
1158.000000	1.379913
1159.000000	1.379906
1160.000000	1.379898
1161.000000	1.379890
1162.000000	1.379883
1163.000000	1.379875
1164.000000	1.379868
1165.000000	1.379860
1166.000000	1.379853
1167.000000	1.379845
1168.000000	1.379838
1169.000000	1.379830
1170.000000	1.379823
1171.000000	1.379815
1172.000000	1.379808
1173.000000	1.379801
1174.000000	1.379793
1175.000000	1.379786
1176.000000	1.379778
1177.000000	1.379771
1178.000000	1.379764
1179.000000	1.379757
1180.000000	1.379749
1181.000000	1.379742
1182.000000	1.379735
1183.000000	1.379728
1184.000000	1.379721
1185.000000	1.379713
1186.000000	1.379706
1187.000000	1.379699
1188.000000	1.379692
1189.000000	1.379685
1190.000000	1.379678
1191.000000	1.379671
1192.000000	1.379664
1193.000000	1.379657
1194.000000	1.379650
1195.000000	1.379643
1196.000000	1.379636
1197.000000	1.379629
1198.000000	1.379622
1199.000000	1.379615
1200.000000	1.379608
1201.000000	1.379601
1202.000000	1.379594
1203.000000	1.379587
1204.000000	1.379581
1205.000000	1.379574
1206.000000	1.379567
1207.000000	1.379560
1208.000000	1.379553
1209.000000	1.379547
1210.000000	1.379540
1211.000000	1.379533
1212.000000	1.379527
1213.000000	1.379520
1214.000000	1.379513
1215.000000	1.379507
1216.000000	1.379500
1217.000000	1.379493
1218.000000	1.379487
1219.000000	1.379480
1220.000000	1.379474
1221.000000	1.379467
1222.000000	1.379461
1223.000000	1.379454
1224.000000	1.379448
1225.000000	1.379441
1226.000000	1.379435
1227.000000	1.379428
1228.000000	1.379422
1229.000000	1.379415
1230.000000	1.379409
1231.000000	1.379403
1232.000000	1.379396
1233.000000	1.379390
1234.000000	1.379383
1235.000000	1.379377
1236.000000	1.379371
1237.000000	1.379365
1238.000000	1.379358
1239.000000	1.379352
1240.000000	1.379346
1241.000000	1.379340
1242.000000	1.379333
1243.000000	1.379327
1244.000000	1.379321
1245.000000	1.379315
1246.000000	1.379309
1247.000000	1.379302
1248.000000	1.379296
1249.000000	1.379290
1250.000000	1.379284
1251.000000	1.379278
1252.000000	1.379272
1253.000000	1.379266
1254.000000	1.379260
1255.000000	1.379254
1256.000000	1.379248
1257.000000	1.379242
1258.000000	1.379236
1259.000000	1.379230
1260.000000	1.379224
1261.000000	1.379218
1262.000000	1.379212
1263.000000	1.379206
1264.000000	1.379200
1265.000000	1.379194
1266.000000	1.379189
1267.000000	1.379183
1268.000000	1.379177
1269.000000	1.379171
1270.000000	1.379165
1271.000000	1.379159
1272.000000	1.379154
1273.000000	1.379148
1274.000000	1.379142
1275.000000	1.379136
1276.000000	1.379131
1277.000000	1.379125
1278.000000	1.379119
1279.000000	1.379114
1280.000000	1.379108
1281.000000	1.379102
1282.000000	1.379097
1283.000000	1.379091
1284.000000	1.379085
1285.000000	1.379080
1286.000000	1.379074
1287.000000	1.379068
1288.000000	1.379063
1289.000000	1.379057
1290.000000	1.379052
1291.000000	1.379046
1292.000000	1.379041
1293.000000	1.379035
1294.000000	1.379030
1295.000000	1.379024
1296.000000	1.379019
1297.000000	1.379013
1298.000000	1.379008
1299.000000	1.379003
1300.000000	1.378997
1301.000000	1.378992
1302.000000	1.378986
1303.000000	1.378981
1304.000000	1.378976
1305.000000	1.378970
1306.000000	1.378965
1307.000000	1.378960
1308.000000	1.378954
1309.000000	1.378949
1310.000000	1.378944
1311.000000	1.378938
1312.000000	1.378933
1313.000000	1.378928
1314.000000	1.378923
1315.000000	1.378917
1316.000000	1.378912
1317.000000	1.378907
1318.000000	1.378902
1319.000000	1.378897
1320.000000	1.378891
1321.000000	1.378886
1322.000000	1.378881
1323.000000	1.378876
1324.000000	1.378871
1325.000000	1.378866
1326.000000	1.378861
1327.000000	1.378856
1328.000000	1.378850
1329.000000	1.378845
1330.000000	1.378840
1331.000000	1.378835
1332.000000	1.378830
1333.000000	1.378825
1334.000000	1.378820
1335.000000	1.378815
1336.000000	1.378810
1337.000000	1.378805
1338.000000	1.378800
1339.000000	1.378795
1340.000000	1.378790
1341.000000	1.378785
1342.000000	1.378781
1343.000000	1.378776
1344.000000	1.378771
1345.000000	1.378766
1346.000000	1.378761
1347.000000	1.378756
1348.000000	1.378751
1349.000000	1.378746
1350.000000	1.378742
1351.000000	1.378737
1352.000000	1.378732
1353.000000	1.378727
1354.000000	1.378722
1355.000000	1.378718
1356.000000	1.378713
1357.000000	1.378708
1358.000000	1.378703
1359.000000	1.378699
1360.000000	1.378694
1361.000000	1.378689
1362.000000	1.378684
1363.000000	1.378680
1364.000000	1.378675
1365.000000	1.378670
1366.000000	1.378666
1367.000000	1.378661
1368.000000	1.378656
1369.000000	1.378652
1370.000000	1.378647
1371.000000	1.378643
1372.000000	1.378638
1373.000000	1.378633
1374.000000	1.378629
1375.000000	1.378624
1376.000000	1.378620
1377.000000	1.378615
1378.000000	1.378611
1379.000000	1.378606
1380.000000	1.378602
1381.000000	1.378597
1382.000000	1.378593
1383.000000	1.378588
1384.000000	1.378584
1385.000000	1.378579
1386.000000	1.378575
1387.000000	1.378570
1388.000000	1.378566
1389.000000	1.378561
1390.000000	1.378557
1391.000000	1.378552
1392.000000	1.378548
1393.000000	1.378544
1394.000000	1.378539
1395.000000	1.378535
1396.000000	1.378531
1397.000000	1.378526
1398.000000	1.378522
1399.000000	1.378517
1400.000000	1.378513
1401.000000	1.378509
1402.000000	1.378505
1403.000000	1.378500
1404.000000	1.378496
1405.000000	1.378492
1406.000000	1.378487
1407.000000	1.378483
1408.000000	1.378479
1409.000000	1.378475
1410.000000	1.378470
1411.000000	1.378466
1412.000000	1.378462
1413.000000	1.378458
1414.000000	1.378454
1415.000000	1.378449
1416.000000	1.378445
1417.000000	1.378441
1418.000000	1.378437
1419.000000	1.378433
1420.000000	1.378429
1421.000000	1.378424
1422.000000	1.378420
1423.000000	1.378416
1424.000000	1.378412
1425.000000	1.378408
1426.000000	1.378404
1427.000000	1.378400
1428.000000	1.378396
1429.000000	1.378392
1430.000000	1.378388
1431.000000	1.378383
1432.000000	1.378379
1433.000000	1.378375
1434.000000	1.378371
1435.000000	1.378367
1436.000000	1.378363
1437.000000	1.378359
1438.000000	1.378355
1439.000000	1.378351
1440.000000	1.378347
1441.000000	1.378343
1442.000000	1.378339
1443.000000	1.378335
1444.000000	1.378332
1445.000000	1.378328
1446.000000	1.378324
1447.000000	1.378320
1448.000000	1.378316
1449.000000	1.378312
1450.000000	1.378308
1451.000000	1.378304
1452.000000	1.378300
1453.000000	1.378296
1454.000000	1.378293
1455.000000	1.378289
1456.000000	1.378285
1457.000000	1.378281
1458.000000	1.378277
1459.000000	1.378273
1460.000000	1.378270
1461.000000	1.378266
1462.000000	1.378262
1463.000000	1.378258
1464.000000	1.378254
1465.000000	1.378251
1466.000000	1.378247
1467.000000	1.378243
1468.000000	1.378239
1469.000000	1.378236
1470.000000	1.378232
1471.000000	1.378228
1472.000000	1.378224
1473.000000	1.378221
1474.000000	1.378217
1475.000000	1.378213
1476.000000	1.378210
1477.000000	1.378206
1478.000000	1.378202
1479.000000	1.378199
1480.000000	1.378195
1481.000000	1.378191
1482.000000	1.378188
1483.000000	1.378184
1484.000000	1.378180
1485.000000	1.378177
1486.000000	1.378173
1487.000000	1.378170
1488.000000	1.378166
1489.000000	1.378162
1490.000000	1.378159
1491.000000	1.378155
1492.000000	1.378152
1493.000000	1.378148
1494.000000	1.378144
1495.000000	1.378141
1496.000000	1.378137
1497.000000	1.378134
1498.000000	1.378130
1499.000000	1.378127
1500.000000	1.378123
1501.000000	1.378120
1502.000000	1.378116
1503.000000	1.378113
1504.000000	1.378109
1505.000000	1.378106
1506.000000	1.378102
1507.000000	1.378099
1508.000000	1.378095
1509.000000	1.378092
1510.000000	1.378088
1511.000000	1.378085
1512.000000	1.378082
1513.000000	1.378078
1514.000000	1.378075
1515.000000	1.378071
1516.000000	1.378068
1517.000000	1.378065
1518.000000	1.378061
1519.000000	1.378058
1520.000000	1.378054
1521.000000	1.378051
1522.000000	1.378048
1523.000000	1.378044
1524.000000	1.378041
1525.000000	1.378038
1526.000000	1.378034
1527.000000	1.378031
1528.000000	1.378028
1529.000000	1.378024
1530.000000	1.378021
1531.000000	1.378018
1532.000000	1.378014
1533.000000	1.378011
1534.000000	1.378008
1535.000000	1.378005
1536.000000	1.378001
1537.000000	1.377998
1538.000000	1.377995
1539.000000	1.377991
1540.000000	1.377988
1541.000000	1.377985
1542.000000	1.377982
1543.000000	1.377979
1544.000000	1.377975
1545.000000	1.377972
1546.000000	1.377969
1547.000000	1.377966
1548.000000	1.377962
1549.000000	1.377959
1550.000000	1.377956
1551.000000	1.377953
1552.000000	1.377950
1553.000000	1.377947
1554.000000	1.377943
1555.000000	1.377940
1556.000000	1.377937
1557.000000	1.377934
1558.000000	1.377931
1559.000000	1.377928
1560.000000	1.377925
1561.000000	1.377921
1562.000000	1.377918
1563.000000	1.377915
1564.000000	1.377912
1565.000000	1.377909
1566.000000	1.377906
1567.000000	1.377903
1568.000000	1.377900
1569.000000	1.377897
1570.000000	1.377894
1571.000000	1.377891
1572.000000	1.377888
1573.000000	1.377885
1574.000000	1.377882
1575.000000	1.377878
1576.000000	1.377875
1577.000000	1.377872
1578.000000	1.377869
1579.000000	1.377866
1580.000000	1.377863
1581.000000	1.377860
1582.000000	1.377857
1583.000000	1.377854
1584.000000	1.377851
1585.000000	1.377848
1586.000000	1.377845
1587.000000	1.377843
1588.000000	1.377840
1589.000000	1.377837
1590.000000	1.377834
1591.000000	1.377831
1592.000000	1.377828
1593.000000	1.377825
1594.000000	1.377822
1595.000000	1.377819
1596.000000	1.377816
1597.000000	1.377813
1598.000000	1.377810
1599.000000	1.377807
1600.000000	1.377804
1601.000000	1.377802
1602.000000	1.377799
1603.000000	1.377796
1604.000000	1.377793
1605.000000	1.377790
1606.000000	1.377787
1607.000000	1.377784
1608.000000	1.377782
1609.000000	1.377779
1610.000000	1.377776
1611.000000	1.377773
1612.000000	1.377770
1613.000000	1.377767
1614.000000	1.377765
1615.000000	1.377762
1616.000000	1.377759
1617.000000	1.377756
1618.000000	1.377753
1619.000000	1.377751
1620.000000	1.377748
1621.000000	1.377745
1622.000000	1.377742
1623.000000	1.377739
1624.000000	1.377737
1625.000000	1.377734
1626.000000	1.377731
1627.000000	1.377728
1628.000000	1.377726
1629.000000	1.377723
1630.000000	1.377720
1631.000000	1.377717
1632.000000	1.377715
1633.000000	1.377712
1634.000000	1.377709
1635.000000	1.377707
1636.000000	1.377704
1637.000000	1.377701
1638.000000	1.377698
1639.000000	1.377696
1640.000000	1.377693
1641.000000	1.377690
1642.000000	1.377688
1643.000000	1.377685
1644.000000	1.377682
1645.000000	1.377680
1646.000000	1.377677
1647.000000	1.377674
1648.000000	1.377672
1649.000000	1.377669
1650.000000	1.377666
1651.000000	1.377664
1652.000000	1.377661
1653.000000	1.377659
1654.000000	1.377656
1655.000000	1.377653
1656.000000	1.377651
1657.000000	1.377648
1658.000000	1.377646
1659.000000	1.377643
1660.000000	1.377640
1661.000000	1.377638
1662.000000	1.377635
1663.000000	1.377633
1664.000000	1.377630
1665.000000	1.377627
1666.000000	1.377625
1667.000000	1.377622
1668.000000	1.377620
1669.000000	1.377617
1670.000000	1.377615
1671.000000	1.377612
1672.000000	1.377610
1673.000000	1.377607
1674.000000	1.377605
1675.000000	1.377602
1676.000000	1.377600
1677.000000	1.377597
1678.000000	1.377595
1679.000000	1.377592
1680.000000	1.377590
1681.000000	1.377587
1682.000000	1.377585
1683.000000	1.377582
1684.000000	1.377580
1685.000000	1.377577
1686.000000	1.377575
1687.000000	1.377572
1688.000000	1.377570
1689.000000	1.377567
1690.000000	1.377565
1691.000000	1.377562
1692.000000	1.377560
1693.000000	1.377557
1694.000000	1.377555
1695.000000	1.377553
1696.000000	1.377550
1697.000000	1.377548
1698.000000	1.377545
1699.000000	1.377543
1700.000000	1.377541
1701.000000	1.377538
1702.000000	1.377536
1703.000000	1.377533
1704.000000	1.377531
1705.000000	1.377529
1706.000000	1.377526
1707.000000	1.377524
1708.000000	1.377521
1709.000000	1.377519
1710.000000	1.377517
1711.000000	1.377514
1712.000000	1.377512
1713.000000	1.377510
1714.000000	1.377507
1715.000000	1.377505
1716.000000	1.377503
1717.000000	1.377500
1718.000000	1.377498
1719.000000	1.377496
1720.000000	1.377493
1721.000000	1.377491
1722.000000	1.377489
1723.000000	1.377486
1724.000000	1.377484
1725.000000	1.377482
1726.000000	1.377479
1727.000000	1.377477
1728.000000	1.377475
1729.000000	1.377472
1730.000000	1.377470
1731.000000	1.377468
1732.000000	1.377466
1733.000000	1.377463
1734.000000	1.377461
1735.000000	1.377459
1736.000000	1.377457
1737.000000	1.377454
1738.000000	1.377452
1739.000000	1.377450
1740.000000	1.377447
1741.000000	1.377445
1742.000000	1.377443
1743.000000	1.377441
1744.000000	1.377439
1745.000000	1.377436
1746.000000	1.377434
1747.000000	1.377432
1748.000000	1.377430
1749.000000	1.377427
1750.000000	1.377425
1751.000000	1.377423
1752.000000	1.377421
1753.000000	1.377419
1754.000000	1.377416
1755.000000	1.377414
1756.000000	1.377412
1757.000000	1.377410
1758.000000	1.377408
1759.000000	1.377406
1760.000000	1.377403
1761.000000	1.377401
1762.000000	1.377399
1763.000000	1.377397
1764.000000	1.377395
1765.000000	1.377393
1766.000000	1.377390
1767.000000	1.377388
1768.000000	1.377386
1769.000000	1.377384
1770.000000	1.377382
1771.000000	1.377380
1772.000000	1.377378
1773.000000	1.377375
1774.000000	1.377373
1775.000000	1.377371
1776.000000	1.377369
1777.000000	1.377367
1778.000000	1.377365
1779.000000	1.377363
1780.000000	1.377361
1781.000000	1.377359
1782.000000	1.377357
1783.000000	1.377354
1784.000000	1.377352
1785.000000	1.377350
1786.000000	1.377348
1787.000000	1.377346
1788.000000	1.377344
1789.000000	1.377342
1790.000000	1.377340
1791.000000	1.377338
1792.000000	1.377336
1793.000000	1.377334
1794.000000	1.377332
1795.000000	1.377330
1796.000000	1.377328
1797.000000	1.377326
1798.000000	1.377324
1799.000000	1.377322
1800.000000	1.377319
1801.000000	1.377317
1802.000000	1.377315
1803.000000	1.377313
1804.000000	1.377311
1805.000000	1.377309
1806.000000	1.377307
1807.000000	1.377305
1808.000000	1.377303
1809.000000	1.377301
1810.000000	1.377299
1811.000000	1.377297
1812.000000	1.377295
1813.000000	1.377293
1814.000000	1.377291
1815.000000	1.377289
1816.000000	1.377287
1817.000000	1.377285
1818.000000	1.377284
1819.000000	1.377282
1820.000000	1.377280
1821.000000	1.377278
1822.000000	1.377276
1823.000000	1.377274
1824.000000	1.377272
1825.000000	1.377270
1826.000000	1.377268
1827.000000	1.377266
1828.000000	1.377264
1829.000000	1.377262
1830.000000	1.377260
1831.000000	1.377258
1832.000000	1.377256
1833.000000	1.377254
1834.000000	1.377252
1835.000000	1.377251
1836.000000	1.377249
1837.000000	1.377247
1838.000000	1.377245
1839.000000	1.377243
1840.000000	1.377241
1841.000000	1.377239
1842.000000	1.377237
1843.000000	1.377235
1844.000000	1.377233
1845.000000	1.377232
1846.000000	1.377230
1847.000000	1.377228
1848.000000	1.377226
1849.000000	1.377224
1850.000000	1.377222
1851.000000	1.377220
1852.000000	1.377218
1853.000000	1.377217
1854.000000	1.377215
1855.000000	1.377213
1856.000000	1.377211
1857.000000	1.377209
1858.000000	1.377207
1859.000000	1.377206
1860.000000	1.377204
1861.000000	1.377202
1862.000000	1.377200
1863.000000	1.377198
1864.000000	1.377196
1865.000000	1.377195
1866.000000	1.377193
1867.000000	1.377191
1868.000000	1.377189
1869.000000	1.377187
1870.000000	1.377185
1871.000000	1.377184
1872.000000	1.377182
1873.000000	1.377180
1874.000000	1.377178
1875.000000	1.377176
1876.000000	1.377175
1877.000000	1.377173
1878.000000	1.377171
1879.000000	1.377169
1880.000000	1.377168
1881.000000	1.377166
1882.000000	1.377164
1883.000000	1.377162
1884.000000	1.377160
1885.000000	1.377159
1886.000000	1.377157
1887.000000	1.377155
1888.000000	1.377153
1889.000000	1.377152
1890.000000	1.377150
1891.000000	1.377148
1892.000000	1.377146
1893.000000	1.377145
1894.000000	1.377143
1895.000000	1.377141
1896.000000	1.377139
1897.000000	1.377138
1898.000000	1.377136
1899.000000	1.377134
1900.000000	1.377133
1901.000000	1.377131
1902.000000	1.377129
1903.000000	1.377127
1904.000000	1.377126
1905.000000	1.377124
1906.000000	1.377122
1907.000000	1.377121
1908.000000	1.377119
1909.000000	1.377117
1910.000000	1.377115
1911.000000	1.377114
1912.000000	1.377112
1913.000000	1.377110
1914.000000	1.377109
1915.000000	1.377107
1916.000000	1.377105
1917.000000	1.377104
1918.000000	1.377102
1919.000000	1.377100
1920.000000	1.377099
1921.000000	1.377097
1922.000000	1.377095
1923.000000	1.377094
1924.000000	1.377092
1925.000000	1.377090
1926.000000	1.377089
1927.000000	1.377087
1928.000000	1.377085
1929.000000	1.377084
1930.000000	1.377082
1931.000000	1.377080
1932.000000	1.377079
1933.000000	1.377077
1934.000000	1.377075
1935.000000	1.377074
1936.000000	1.377072
1937.000000	1.377071
1938.000000	1.377069
1939.000000	1.377067
1940.000000	1.377066
1941.000000	1.377064
1942.000000	1.377063
1943.000000	1.377061
1944.000000	1.377059
1945.000000	1.377058
1946.000000	1.377056
1947.000000	1.377054
1948.000000	1.377053
1949.000000	1.377051
1950.000000	1.377050
1951.000000	1.377048
1952.000000	1.377046
1953.000000	1.377045
1954.000000	1.377043
1955.000000	1.377042
1956.000000	1.377040
1957.000000	1.377039
1958.000000	1.377037
1959.000000	1.377035
1960.000000	1.377034
1961.000000	1.377032
1962.000000	1.377031
1963.000000	1.377029
1964.000000	1.377028
1965.000000	1.377026
1966.000000	1.377024
1967.000000	1.377023
1968.000000	1.377021
1969.000000	1.377020
1970.000000	1.377018
1971.000000	1.377017
1972.000000	1.377015
1973.000000	1.377014
1974.000000	1.377012
1975.000000	1.377011
1976.000000	1.377009
1977.000000	1.377008
1978.000000	1.377006
1979.000000	1.377004
1980.000000	1.377003
1981.000000	1.377001
1982.000000	1.377000
1983.000000	1.376998
1984.000000	1.376997
1985.000000	1.376995
1986.000000	1.376994
1987.000000	1.376992
1988.000000	1.376991
1989.000000	1.376989
1990.000000	1.376988
1991.000000	1.376986
1992.000000	1.376985
1993.000000	1.376983
1994.000000	1.376982
1995.000000	1.376980
1996.000000	1.376979
1997.000000	1.376977
1998.000000	1.376976
1999.000000	1.376974
2000.000000	1.376973
