300.000000	1.506669
301.000000	1.506142
302.000000	1.505622
303.000000	1.505107
304.000000	1.504599
305.000000	1.504096
306.000000	1.503599
307.000000	1.503108
308.000000	1.502622
309.000000	1.502142
310.000000	1.501667
311.000000	1.501197
312.000000	1.500733
313.000000	1.500273
314.000000	1.499819
315.000000	1.499370
316.000000	1.498926
317.000000	1.498486
318.000000	1.498052
319.000000	1.497622
320.000000	1.497196
321.000000	1.496776
322.000000	1.496359
323.000000	1.495948
324.000000	1.495540
325.000000	1.495137
326.000000	1.494738
327.000000	1.494343
328.000000	1.493952
329.000000	1.493566
330.000000	1.493183
331.000000	1.492805
332.000000	1.492430
333.000000	1.492059
334.000000	1.491692
335.000000	1.491328
336.000000	1.490969
337.000000	1.490612
338.000000	1.490260
339.000000	1.489911
340.000000	1.489565
341.000000	1.489223
342.000000	1.488884
343.000000	1.488549
344.000000	1.488217
345.000000	1.487888
346.000000	1.487562
347.000000	1.487240
348.000000	1.486921
349.000000	1.486604
350.000000	1.486291
351.000000	1.485981
352.000000	1.485673
353.000000	1.485369
354.000000	1.485068
355.000000	1.484769
356.000000	1.484473
357.000000	1.484180
358.000000	1.483890
359.000000	1.483602
360.000000	1.483317
361.000000	1.483035
362.000000	1.482755
363.000000	1.482478
364.000000	1.482204
365.000000	1.481931
366.000000	1.481662
367.000000	1.481395
368.000000	1.481130
369.000000	1.480868
370.000000	1.480608
371.000000	1.480350
372.000000	1.480094
373.000000	1.479841
374.000000	1.479590
375.000000	1.479342
376.000000	1.479095
377.000000	1.478851
378.000000	1.478609
379.000000	1.478369
380.000000	1.478131
381.000000	1.477895
382.000000	1.477661
383.000000	1.477429
384.000000	1.477199
385.000000	1.476971
386.000000	1.476745
387.000000	1.476521
388.000000	1.476299
389.000000	1.476079
390.000000	1.475861
391.000000	1.475644
392.000000	1.475429
393.000000	1.475216
394.000000	1.475005
395.000000	1.474796
396.000000	1.474588
397.000000	1.474382
398.000000	1.474178
399.000000	1.473975
400.000000	1.473774
401.000000	1.473575
402.000000	1.473377
403.000000	1.473181
404.000000	1.472987
405.000000	1.472794
406.000000	1.472602
407.000000	1.472412
408.000000	1.472224
409.000000	1.472037
410.000000	1.471852
411.000000	1.471668
412.000000	1.471485
413.000000	1.471304
414.000000	1.471125
415.000000	1.470947
416.000000	1.470770
417.000000	1.470595
418.000000	1.470421
419.000000	1.470248
420.000000	1.470076
421.000000	1.469906
422.000000	1.469738
423.000000	1.469570
424.000000	1.469404
425.000000	1.469239
426.000000	1.469076
427.000000	1.468913
428.000000	1.468752
429.000000	1.468592
430.000000	1.468433
431.000000	1.468276
432.000000	1.468119
433.000000	1.467964
434.000000	1.467810
435.000000	1.467657
436.000000	1.467505
437.000000	1.467355
438.000000	1.467205
439.000000	1.467057
440.000000	1.466909
441.000000	1.466763
442.000000	1.466618
443.000000	1.466473
444.000000	1.466330
445.000000	1.466188
446.000000	1.466047
447.000000	1.465907
448.000000	1.465768
449.000000	1.465630
450.000000	1.465493
451.000000	1.465357
452.000000	1.465222
453.000000	1.465087
454.000000	1.464954
455.000000	1.464822
456.000000	1.464690
457.000000	1.464560
458.000000	1.464430
459.000000	1.464302
460.000000	1.464174
461.000000	1.464047
462.000000	1.463921
463.000000	1.463796
464.000000	1.463672
465.000000	1.463549
466.000000	1.463426
467.000000	1.463304
468.000000	1.463183
469.000000	1.463063
470.000000	1.462944
471.000000	1.462826
472.000000	1.462708
473.000000	1.462591
474.000000	1.462475
475.000000	1.462360
476.000000	1.462245
477.000000	1.462132
478.000000	1.462019
479.000000	1.461906
480.000000	1.461795
481.000000	1.461684
482.000000	1.461574
483.000000	1.461465
484.000000	1.461356
485.000000	1.461249
486.000000	1.461141
487.000000	1.461035
488.000000	1.460929
489.000000	1.460824
490.000000	1.460720
491.000000	1.460616
492.000000	1.460513
493.000000	1.460411
494.000000	1.460309
495.000000	1.460208
496.000000	1.460107
497.000000	1.460008
498.000000	1.459908
499.000000	1.459810
500.000000	1.459712
501.000000	1.459615
502.000000	1.459518
503.000000	1.459422
504.000000	1.459326
505.000000	1.459232
506.000000	1.459137
507.000000	1.459044
508.000000	1.458951
509.000000	1.458858
510.000000	1.458766
511.000000	1.458675
512.000000	1.458584
513.000000	1.458494
514.000000	1.458404
515.000000	1.458315
516.000000	1.458226
517.000000	1.458138
518.000000	1.458051
519.000000	1.457964
520.000000	1.457877
521.000000	1.457791
522.000000	1.457706
523.000000	1.457621
524.000000	1.457537
525.000000	1.457453
526.000000	1.457369
527.000000	1.457286
528.000000	1.457204
529.000000	1.457122
530.000000	1.457041
531.000000	1.456960
532.000000	1.456879
533.000000	1.456799
534.000000	1.456720
535.000000	1.456641
536.000000	1.456562
537.000000	1.456484
538.000000	1.456407
539.000000	1.456329
540.000000	1.456253
541.000000	1.456176
542.000000	1.456100
543.000000	1.456025
544.000000	1.455950
545.000000	1.455875
546.000000	1.455801
547.000000	1.455728
548.000000	1.455654
549.000000	1.455581
550.000000	1.455509
551.000000	1.455437
552.000000	1.455365
553.000000	1.455294
554.000000	1.455223
555.000000	1.455153
556.000000	1.455083
557.000000	1.455013
558.000000	1.454944
559.000000	1.454875
560.000000	1.454807
561.000000	1.454739
562.000000	1.454671
563.000000	1.454604
564.000000	1.454537
565.000000	1.454470
566.000000	1.454404
567.000000	1.454338
568.000000	1.454272
569.000000	1.454207
570.000000	1.454143
571.000000	1.454078
572.000000	1.454014
573.000000	1.453950
574.000000	1.453887
575.000000	1.453824
576.000000	1.453761
577.000000	1.453699
578.000000	1.453637
579.000000	1.453575
580.000000	1.453514
581.000000	1.453453
582.000000	1.453392
583.000000	1.453332
584.000000	1.453272
585.000000	1.453212
586.000000	1.453153
587.000000	1.453094
588.000000	1.453035
589.000000	1.452977
590.000000	1.452918
591.000000	1.452861
592.000000	1.452803
593.000000	1.452746
594.000000	1.452689
595.000000	1.452632
596.000000	1.452576
597.000000	1.452520
598.000000	1.452464
599.000000	1.452409
600.000000	1.452353
601.000000	1.452299
602.000000	1.452244
603.000000	1.452190
604.000000	1.452136
605.000000	1.452082
606.000000	1.452028
607.000000	1.451975
608.000000	1.451922
609.000000	1.451870
610.000000	1.451817
611.000000	1.451765
612.000000	1.451713
613.000000	1.451662
614.000000	1.451610
615.000000	1.451559
616.000000	1.451508
617.000000	1.451458
618.000000	1.451407
619.000000	1.451357
620.000000	1.451308
621.000000	1.451258
622.000000	1.451209
623.000000	1.451160
624.000000	1.451111
625.000000	1.451062
626.000000	1.451014
627.000000	1.450966
628.000000	1.450918
629.000000	1.450870
630.000000	1.450823
631.000000	1.450776
632.000000	1.450729
633.000000	1.450682
634.000000	1.450636
635.000000	1.450589
636.000000	1.450543
637.000000	1.450498
638.000000	1.450452
639.000000	1.450407
640.000000	1.450362
641.000000	1.450317
642.000000	1.450272
643.000000	1.450227
644.000000	1.450183
645.000000	1.450139
646.000000	1.450095
647.000000	1.450052
648.000000	1.450008
649.000000	1.449965
650.000000	1.449922
651.000000	1.449879
652.000000	1.449837
653.000000	1.449794
654.000000	1.449752
655.000000	1.449710
656.000000	1.449668
657.000000	1.449627
658.000000	1.449585
659.000000	1.449544
660.000000	1.449503
661.000000	1.449462
662.000000	1.449421
663.000000	1.449381
664.000000	1.449341
665.000000	1.449301
666.000000	1.449261
667.000000	1.449221
668.000000	1.449182
669.000000	1.449142
670.000000	1.449103
671.000000	1.449064
672.000000	1.449025
673.000000	1.448987
674.000000	1.448948
675.000000	1.448910
676.000000	1.448872
677.000000	1.448834
678.000000	1.448796
679.000000	1.448759
680.000000	1.448721
681.000000	1.448684
682.000000	1.448647
683.000000	1.448610
684.000000	1.448573
685.000000	1.448537
686.000000	1.448500
687.000000	1.448464
688.000000	1.448428
689.000000	1.448392
690.000000	1.448356
691.000000	1.448321
692.000000	1.448285
693.000000	1.448250
694.000000	1.448215
695.000000	1.448180
696.000000	1.448145
697.000000	1.448111
698.000000	1.448076
699.000000	1.448042
700.000000	1.448008
701.000000	1.447973
702.000000	1.447940
703.000000	1.447906
704.000000	1.447872
705.000000	1.447839
706.000000	1.447805
707.000000	1.447772
708.000000	1.447739
709.000000	1.447706
710.000000	1.447674
711.000000	1.447641
712.000000	1.447609
713.000000	1.447576
714.000000	1.447544
715.000000	1.447512
716.000000	1.447480
717.000000	1.447449
718.000000	1.447417
719.000000	1.447385
720.000000	1.447354
721.000000	1.447323
722.000000	1.447292
723.000000	1.447261
724.000000	1.447230
725.000000	1.447199
726.000000	1.447169
727.000000	1.447138
728.000000	1.447108
729.000000	1.447078
730.000000	1.447048
731.000000	1.447018
732.000000	1.446988
733.000000	1.446958
734.000000	1.446929
735.000000	1.446899
736.000000	1.446870
737.000000	1.446841
738.000000	1.446812
739.000000	1.446783
740.000000	1.446754
741.000000	1.446726
742.000000	1.446697
743.000000	1.446668
744.000000	1.446640
745.000000	1.446612
746.000000	1.446584
747.000000	1.446556
748.000000	1.446528
749.000000	1.446500
750.000000	1.446473
751.000000	1.446445
752.000000	1.446418
753.000000	1.446390
754.000000	1.446363
755.000000	1.446336
756.000000	1.446309
757.000000	1.446282
758.000000	1.446255
759.000000	1.446229
760.000000	1.446202
761.000000	1.446176
762.000000	1.446149
763.000000	1.446123
764.000000	1.446097
765.000000	1.446071
766.000000	1.446045
767.000000	1.446019
768.000000	1.445994
769.000000	1.445968
770.000000	1.445943
771.000000	1.445917
772.000000	1.445892
773.000000	1.445867
774.000000	1.445842
775.000000	1.445817
776.000000	1.445792
777.000000	1.445767
778.000000	1.445742
779.000000	1.445718
780.000000	1.445693
781.000000	1.445669
782.000000	1.445644
783.000000	1.445620
784.000000	1.445596
785.000000	1.445572
786.000000	1.445548
787.000000	1.445524
788.000000	1.445500
789.000000	1.445477
790.000000	1.445453
791.000000	1.445430
792.000000	1.445406
793.000000	1.445383
794.000000	1.445360
795.000000	1.445337
796.000000	1.445314
797.000000	1.445291
798.000000	1.445268
799.000000	1.445245
800.000000	1.445223
801.000000	1.445200
802.000000	1.445177
803.000000	1.445155
804.000000	1.445133
805.000000	1.445110
806.000000	1.445088
807.000000	1.445066
808.000000	1.445044
809.000000	1.445022
810.000000	1.445000
811.000000	1.444979
812.000000	1.444957
813.000000	1.444935
814.000000	1.444914
815.000000	1.444893
816.000000	1.444871
817.000000	1.444850
818.000000	1.444829
819.000000	1.444808
820.000000	1.444787
821.000000	1.444766
822.000000	1.444745
823.000000	1.444724
824.000000	1.444703
825.000000	1.444683
826.000000	1.444662
827.000000	1.444642
828.000000	1.444621
829.000000	1.444601
830.000000	1.444581
831.000000	1.444561
832.000000	1.444540
833.000000	1.444520
834.000000	1.444500
835.000000	1.444481
836.000000	1.444461
837.000000	1.444441
838.000000	1.444421
839.000000	1.444402
840.000000	1.444382
841.000000	1.444363
842.000000	1.444343
843.000000	1.444324
844.000000	1.444305
845.000000	1.444286
846.000000	1.444267
847.000000	1.444247
848.000000	1.444229
849.000000	1.444210
850.000000	1.444191
851.000000	1.444172
852.000000	1.444153
853.000000	1.444135
854.000000	1.444116
855.000000	1.444098
856.000000	1.444079
857.000000	1.444061
858.000000	1.444043
859.000000	1.444024
860.000000	1.444006
861.000000	1.443988
862.000000	1.443970
863.000000	1.443952
864.000000	1.443934
865.000000	1.443916
866.000000	1.443898
867.000000	1.443881
868.000000	1.443863
869.000000	1.443845
870.000000	1.443828
871.000000	1.443810
872.000000	1.443793
873.000000	1.443776
874.000000	1.443758
875.000000	1.443741
876.000000	1.443724
877.000000	1.443707
878.000000	1.443690
879.000000	1.443673
880.000000	1.443656
881.000000	1.443639
882.000000	1.443622
883.000000	1.443605
884.000000	1.443589
885.000000	1.443572
886.000000	1.443555
887.000000	1.443539
888.000000	1.443522
889.000000	1.443506
890.000000	1.443490
891.000000	1.443473
892.000000	1.443457
893.000000	1.443441
894.000000	1.443425
895.000000	1.443409
896.000000	1.443393
897.000000	1.443377
898.000000	1.443361
899.000000	1.443345
900.000000	1.443329
901.000000	1.443313
902.000000	1.443298
903.000000	1.443282
904.000000	1.443266
905.000000	1.443251
906.000000	1.443235
907.000000	1.443220
908.000000	1.443204
909.000000	1.443189
910.000000	1.443174
911.000000	1.443159
912.000000	1.443143
913.000000	1.443128
914.000000	1.443113
915.000000	1.443098
916.000000	1.443083
917.000000	1.443068
918.000000	1.443053
919.000000	1.443039
920.000000	1.443024
921.000000	1.443009
922.000000	1.442994
923.000000	1.442980
924.000000	1.442965
925.000000	1.442951
926.000000	1.442936
927.000000	1.442922
928.000000	1.442907
929.000000	1.442893
930.000000	1.442879
931.000000	1.442864
932.000000	1.442850
933.000000	1.442836
934.000000	1.442822
935.000000	1.442808
936.000000	1.442794
937.000000	1.442780
938.000000	1.442766
939.000000	1.442752
940.000000	1.442738
941.000000	1.442724
942.000000	1.442710
943.000000	1.442697
944.000000	1.442683
945.000000	1.442669
946.000000	1.442656
947.000000	1.442642
948.000000	1.442629
949.000000	1.442615
950.000000	1.442602
951.000000	1.442589
952.000000	1.442575
953.000000	1.442562
954.000000	1.442549
955.000000	1.442536
956.000000	1.442522
957.000000	1.442509
958.000000	1.442496
959.000000	1.442483
960.000000	1.442470
961.000000	1.442457
962.000000	1.442444
963.000000	1.442431
964.000000	1.442419
965.000000	1.442406
966.000000	1.442393
967.000000	1.442380
968.000000	1.442368
969.000000	1.442355
970.000000	1.442343
971.000000	1.442330
972.000000	1.442317
973.000000	1.442305
974.000000	1.442293
975.000000	1.442280
976.000000	1.442268
977.000000	1.442256
978.000000	1.442243
979.000000	1.442231
980.000000	1.442219
981.000000	1.442207
982.000000	1.442195
983.000000	1.442182
984.000000	1.442170
985.000000	1.442158
986.000000	1.442146
987.000000	1.442134
988.000000	1.442123
989.000000	1.442111
990.000000	1.442099
991.000000	1.442087
992.000000	1.442075
993.000000	1.442064
994.000000	1.442052
995.000000	1.442040
996.000000	1.442029
997.000000	1.442017
998.000000	1.442006
999.000000	1.441994
1000.000000	1.441983
1001.000000	1.441971
1002.000000	1.441960
1003.000000	1.441948
1004.000000	1.441937
1005.000000	1.441926
1006.000000	1.441915
1007.000000	1.441903
1008.000000	1.441892
1009.000000	1.441881
1010.000000	1.441870
1011.000000	1.441859
1012.000000	1.441848
1013.000000	1.441837
1014.000000	1.441826
1015.000000	1.441815
1016.000000	1.441804
1017.000000	1.441793
1018.000000	1.441782
1019.000000	1.441771
1020.000000	1.441760
1021.000000	1.441750
1022.000000	1.441739
1023.000000	1.441728
1024.000000	1.441717
1025.000000	1.441707
1026.000000	1.441696
1027.000000	1.441686
1028.000000	1.441675
1029.000000	1.441665
1030.000000	1.441654
1031.000000	1.441644
1032.000000	1.441633
1033.000000	1.441623
1034.000000	1.441612
1035.000000	1.441602
1036.000000	1.441592
1037.000000	1.441582
1038.000000	1.441571
1039.000000	1.441561
1040.000000	1.441551
1041.000000	1.441541
1042.000000	1.441531
1043.000000	1.441521
1044.000000	1.441510
1045.000000	1.441500
1046.000000	1.441490
1047.000000	1.441480
1048.000000	1.441471
1049.000000	1.441461
1050.000000	1.441451
1051.000000	1.441441
1052.000000	1.441431
1053.000000	1.441421
1054.000000	1.441411
1055.000000	1.441402
1056.000000	1.441392
1057.000000	1.441382
1058.000000	1.441373
1059.000000	1.441363
1060.000000	1.441353
1061.000000	1.441344
1062.000000	1.441334
1063.000000	1.441325
1064.000000	1.441315
1065.000000	1.441306
1066.000000	1.441296
1067.000000	1.441287
1068.000000	1.441278
1069.000000	1.441268
1070.000000	1.441259
1071.000000	1.441249
1072.000000	1.441240
1073.000000	1.441231
1074.000000	1.441222
1075.000000	1.441213
1076.000000	1.441203
1077.000000	1.441194
1078.000000	1.441185
1079.000000	1.441176
1080.000000	1.441167
1081.000000	1.441158
1082.000000	1.441149
1083.000000	1.441140
1084.000000	1.441131
1085.000000	1.441122
1086.000000	1.441113
1087.000000	1.441104
1088.000000	1.441095
1089.000000	1.441086
1090.000000	1.441077
1091.000000	1.441069
1092.000000	1.441060
1093.000000	1.441051
1094.000000	1.441042
1095.000000	1.441034
1096.000000	1.441025
1097.000000	1.441016
1098.000000	1.441008
1099.000000	1.440999
1100.000000	1.440991
1101.000000	1.440982
1102.000000	1.440973
1103.000000	1.440965
1104.000000	1.440956
1105.000000	1.440948
1106.000000	1.440940
1107.000000	1.440931
1108.000000	1.440923
1109.000000	1.440914
1110.000000	1.440906
1111.000000	1.440898
1112.000000	1.440889
1113.000000	1.440881
1114.000000	1.440873
1115.000000	1.440865
1116.000000	1.440856
1117.000000	1.440848
1118.000000	1.440840
1119.000000	1.440832
1120.000000	1.440824
1121.000000	1.440816
1122.000000	1.440807
1123.000000	1.440799
1124.000000	1.440791
1125.000000	1.440783
1126.000000	1.440775
1127.000000	1.440767
1128.000000	1.440759
1129.000000	1.440751
1130.000000	1.440744
1131.000000	1.440736
1132.000000	1.440728
1133.000000	1.440720
1134.000000	1.440712
1135.000000	1.440704
1136.000000	1.440697
1137.000000	1.440689
1138.000000	1.440681
1139.000000	1.440673
1140.000000	1.440666
1141.000000	1.440658
1142.000000	1.440650
1143.000000	1.440643
1144.000000	1.440635
1145.000000	1.440627
1146.000000	1.440620
1147.000000	1.440612
1148.000000	1.440605
1149.000000	1.440597
1150.000000	1.440590
1151.000000	1.440582
1152.000000	1.440575
1153.000000	1.440567
1154.000000	1.440560
1155.000000	1.440552
1156.000000	1.440545
1157.000000	1.440538
1158.000000	1.440530
1159.000000	1.440523
1160.000000	1.440516
1161.000000	1.440508
1162.000000	1.440501
1163.000000	1.440494
1164.000000	1.440487
1165.000000	1.440479
1166.000000	1.440472
1167.000000	1.440465
1168.000000	1.440458
1169.000000	1.440451
1170.000000	1.440444
1171.000000	1.440437
1172.000000	1.440430
1173.000000	1.440422
1174.000000	1.440415
1175.000000	1.440408
1176.000000	1.440401
1177.000000	1.440394
1178.000000	1.440387
1179.000000	1.440380
1180.000000	1.440373
1181.000000	1.440367
1182.000000	1.440360
1183.000000	1.440353
1184.000000	1.440346
1185.000000	1.440339
1186.000000	1.440332
1187.000000	1.440325
1188.000000	1.440319
1189.000000	1.440312
1190.000000	1.440305
1191.000000	1.440298
1192.000000	1.440292
1193.000000	1.440285
1194.000000	1.440278
1195.000000	1.440272
1196.000000	1.440265
1197.000000	1.440258
1198.000000	1.440252
1199.000000	1.440245
1200.000000	1.440238
1201.000000	1.440232
1202.000000	1.440225
1203.000000	1.440219
1204.000000	1.440212
1205.000000	1.440206
1206.000000	1.440199
1207.000000	1.440193
1208.000000	1.440186
1209.000000	1.440180
1210.000000	1.440173
1211.000000	1.440167
1212.000000	1.440161
1213.000000	1.440154
1214.000000	1.440148
1215.000000	1.440141
1216.000000	1.440135
1217.000000	1.440129
1218.000000	1.440122
1219.000000	1.440116
1220.000000	1.440110
1221.000000	1.440104
1222.000000	1.440097
1223.000000	1.440091
1224.000000	1.440085
1225.000000	1.440079
1226.000000	1.440073
1227.000000	1.440066
1228.000000	1.440060
1229.000000	1.440054
1230.000000	1.440048
1231.000000	1.440042
1232.000000	1.440036
1233.000000	1.440030
1234.000000	1.440024
1235.000000	1.440018
1236.000000	1.440012
1237.000000	1.440006
1238.000000	1.440000
1239.000000	1.439994
1240.000000	1.439988
1241.000000	1.439982
1242.000000	1.439976
1243.000000	1.439970
1244.000000	1.439964
1245.000000	1.439958
1246.000000	1.439952
1247.000000	1.439946
1248.000000	1.439940
1249.000000	1.439935
1250.000000	1.439929
1251.000000	1.439923
1252.000000	1.439917
1253.000000	1.439911
1254.000000	1.439906
1255.000000	1.439900
1256.000000	1.439894
1257.000000	1.439888
1258.000000	1.439883
1259.000000	1.439877
1260.000000	1.439871
1261.000000	1.439866
1262.000000	1.439860
1263.000000	1.439854
1264.000000	1.439849
1265.000000	1.439843
1266.000000	1.439837
1267.000000	1.439832
1268.000000	1.439826
1269.000000	1.439821
1270.000000	1.439815
1271.000000	1.439810
1272.000000	1.439804
1273.000000	1.439798
1274.000000	1.439793
1275.000000	1.439788
1276.000000	1.439782
1277.000000	1.439777
1278.000000	1.439771
1279.000000	1.439766
1280.000000	1.439760
1281.000000	1.439755
1282.000000	1.439749
1283.000000	1.439744
1284.000000	1.439739
1285.000000	1.439733
1286.000000	1.439728
1287.000000	1.439723
1288.000000	1.439717
1289.000000	1.439712
1290.000000	1.439707
1291.000000	1.439701
1292.000000	1.439696
1293.000000	1.439691
1294.000000	1.439686
1295.000000	1.439680
1296.000000	1.439675
1297.000000	1.439670
1298.000000	1.439665
1299.000000	1.439660
1300.000000	1.439654
1301.000000	1.439649
1302.000000	1.439644
1303.000000	1.439639
1304.000000	1.439634
1305.000000	1.439629
1306.000000	1.439624
1307.000000	1.439619
1308.000000	1.439613
1309.000000	1.439608
1310.000000	1.439603
1311.000000	1.439598
1312.000000	1.439593
1313.000000	1.439588
1314.000000	1.439583
1315.000000	1.439578
1316.000000	1.439573
1317.000000	1.439568
1318.000000	1.439563
1319.000000	1.439558
1320.000000	1.439553
1321.000000	1.439548
1322.000000	1.439544
1323.000000	1.439539
1324.000000	1.439534
1325.000000	1.439529
1326.000000	1.439524
1327.000000	1.439519
1328.000000	1.439514
1329.000000	1.439509
1330.000000	1.439505
1331.000000	1.439500
1332.000000	1.439495
1333.000000	1.439490
1334.000000	1.439485
1335.000000	1.439481
1336.000000	1.439476
1337.000000	1.439471
1338.000000	1.439466
1339.000000	1.439462
1340.000000	1.439457
1341.000000	1.439452
1342.000000	1.439447
1343.000000	1.439443
1344.000000	1.439438
1345.000000	1.439433
1346.000000	1.439429
1347.000000	1.439424
1348.000000	1.439419
1349.000000	1.439415
1350.000000	1.439410
1351.000000	1.439406
1352.000000	1.439401
1353.000000	1.439396
1354.000000	1.439392
1355.000000	1.439387
1356.000000	1.439383
1357.000000	1.439378
1358.000000	1.439374
1359.000000	1.439369
1360.000000	1.439365
1361.000000	1.439360
1362.000000	1.439356
1363.000000	1.439351
1364.000000	1.439347
1365.000000	1.439342
1366.000000	1.439338
1367.000000	1.439333
1368.000000	1.439329
1369.000000	1.439324
1370.000000	1.439320
1371.000000	1.439316
1372.000000	1.439311
1373.000000	1.439307
1374.000000	1.439302
1375.000000	1.439298
1376.000000	1.439294
1377.000000	1.439289
1378.000000	1.439285
1379.000000	1.439281
1380.000000	1.439276
1381.000000	1.439272
1382.000000	1.439268
1383.000000	1.439263
1384.000000	1.439259
1385.000000	1.439255
1386.000000	1.439251
1387.000000	1.439246
1388.000000	1.439242
1389.000000	1.439238
1390.000000	1.439234
1391.000000	1.439229
1392.000000	1.439225
1393.000000	1.439221
1394.000000	1.439217
1395.000000	1.439213
1396.000000	1.439209
1397.000000	1.439204
1398.000000	1.439200
1399.000000	1.439196
1400.000000	1.439192
1401.000000	1.439188
1402.000000	1.439184
1403.000000	1.439180
1404.000000	1.439175
1405.000000	1.439171
1406.000000	1.439167
1407.000000	1.439163
1408.000000	1.439159
1409.000000	1.439155
1410.000000	1.439151
1411.000000	1.439147
1412.000000	1.439143
1413.000000	1.439139
1414.000000	1.439135
1415.000000	1.439131
1416.000000	1.439127
1417.000000	1.439123
1418.000000	1.439119
1419.000000	1.439115
1420.000000	1.439111
1421.000000	1.439107
1422.000000	1.439103
1423.000000	1.439099
1424.000000	1.439095
1425.000000	1.439091
1426.000000	1.439087
1427.000000	1.439084
1428.000000	1.439080
1429.000000	1.439076
1430.000000	1.439072
1431.000000	1.439068
1432.000000	1.439064
1433.000000	1.439060
1434.000000	1.439056
1435.000000	1.439053
1436.000000	1.439049
1437.000000	1.439045
1438.000000	1.439041
1439.000000	1.439037
1440.000000	1.439034
1441.000000	1.439030
1442.000000	1.439026
1443.000000	1.439022
1444.000000	1.439018
1445.000000	1.439015
1446.000000	1.439011
1447.000000	1.439007
1448.000000	1.439003
1449.000000	1.439000
1450.000000	1.438996
1451.000000	1.438992
1452.000000	1.438989
1453.000000	1.438985
1454.000000	1.438981
1455.000000	1.438978
1456.000000	1.438974
1457.000000	1.438970
1458.000000	1.438967
1459.000000	1.438963
1460.000000	1.438959
1461.000000	1.438956
1462.000000	1.438952
1463.000000	1.438948
1464.000000	1.438945
1465.000000	1.438941
1466.000000	1.438938
1467.000000	1.438934
1468.000000	1.438930
1469.000000	1.438927
1470.000000	1.438923
1471.000000	1.438920
1472.000000	1.438916
1473.000000	1.438913
1474.000000	1.438909
1475.000000	1.438905
1476.000000	1.438902
1477.000000	1.438898
1478.000000	1.438895
1479.000000	1.438891
1480.000000	1.438888
1481.000000	1.438884
1482.000000	1.438881
1483.000000	1.438877
1484.000000	1.438874
1485.000000	1.438871
1486.000000	1.438867
1487.000000	1.438864
1488.000000	1.438860
1489.000000	1.438857
1490.000000	1.438853
1491.000000	1.438850
1492.000000	1.438846
1493.000000	1.438843
1494.000000	1.438840
1495.000000	1.438836
1496.000000	1.438833
1497.000000	1.438830
1498.000000	1.438826
1499.000000	1.438823
1500.000000	1.438819
1501.000000	1.438816
1502.000000	1.438813
1503.000000	1.438809
1504.000000	1.438806
1505.000000	1.438803
1506.000000	1.438799
1507.000000	1.438796
1508.000000	1.438793
1509.000000	1.438789
1510.000000	1.438786
1511.000000	1.438783
1512.000000	1.438780
1513.000000	1.438776
1514.000000	1.438773
1515.000000	1.438770
1516.000000	1.438767
1517.000000	1.438763
1518.000000	1.438760
1519.000000	1.438757
1520.000000	1.438754
1521.000000	1.438750
1522.000000	1.438747
1523.000000	1.438744
1524.000000	1.438741
1525.000000	1.438738
1526.000000	1.438734
1527.000000	1.438731
1528.000000	1.438728
1529.000000	1.438725
1530.000000	1.438722
1531.000000	1.438719
1532.000000	1.438715
1533.000000	1.438712
1534.000000	1.438709
1535.000000	1.438706
1536.000000	1.438703
1537.000000	1.438700
1538.000000	1.438697
1539.000000	1.438694
1540.000000	1.438690
1541.000000	1.438687
1542.000000	1.438684
1543.000000	1.438681
1544.000000	1.438678
1545.000000	1.438675
1546.000000	1.438672
1547.000000	1.438669
1548.000000	1.438666
1549.000000	1.438663
1550.000000	1.438660
1551.000000	1.438657
1552.000000	1.438654
1553.000000	1.438651
1554.000000	1.438648
1555.000000	1.438645
1556.000000	1.438642
1557.000000	1.438639
1558.000000	1.438636
1559.000000	1.438633
1560.000000	1.438630
1561.000000	1.438627
1562.000000	1.438624
1563.000000	1.438621
1564.000000	1.438618
1565.000000	1.438615
1566.000000	1.438612
1567.000000	1.438609
1568.000000	1.438606
1569.000000	1.438603
1570.000000	1.438600
1571.000000	1.438597
1572.000000	1.438594
1573.000000	1.438591
1574.000000	1.438588
1575.000000	1.438586
1576.000000	1.438583
1577.000000	1.438580
1578.000000	1.438577
1579.000000	1.438574
1580.000000	1.438571
1581.000000	1.438568
1582.000000	1.438565
1583.000000	1.438563
1584.000000	1.438560
1585.000000	1.438557
1586.000000	1.438554
1587.000000	1.438551
1588.000000	1.438548
1589.000000	1.438546
1590.000000	1.438543
1591.000000	1.438540
1592.000000	1.438537
1593.000000	1.438534
1594.000000	1.438532
1595.000000	1.438529
1596.000000	1.438526
1597.000000	1.438523
1598.000000	1.438520
1599.000000	1.438518
1600.000000	1.438515
1601.000000	1.438512
1602.000000	1.438509
1603.000000	1.438507
1604.000000	1.438504
1605.000000	1.438501
1606.000000	1.438498
1607.000000	1.438496
1608.000000	1.438493
1609.000000	1.438490
1610.000000	1.438488
1611.000000	1.438485
1612.000000	1.438482
1613.000000	1.438479
1614.000000	1.438477
1615.000000	1.438474
1616.000000	1.438471
1617.000000	1.438469
1618.000000	1.438466
1619.000000	1.438463
1620.000000	1.438461
1621.000000	1.438458
1622.000000	1.438455
1623.000000	1.438453
1624.000000	1.438450
1625.000000	1.438447
1626.000000	1.438445
1627.000000	1.438442
1628.000000	1.438440
1629.000000	1.438437
1630.000000	1.438434
1631.000000	1.438432
1632.000000	1.438429
1633.000000	1.438427
1634.000000	1.438424
1635.000000	1.438421
1636.000000	1.438419
1637.000000	1.438416
1638.000000	1.438414
1639.000000	1.438411
1640.000000	1.438408
1641.000000	1.438406
1642.000000	1.438403
1643.000000	1.438401
1644.000000	1.438398
1645.000000	1.438396
1646.000000	1.438393
1647.000000	1.438391
1648.000000	1.438388
1649.000000	1.438386
1650.000000	1.438383
1651.000000	1.438381
1652.000000	1.438378
1653.000000	1.438376
1654.000000	1.438373
1655.000000	1.438371
1656.000000	1.438368
1657.000000	1.438366
1658.000000	1.438363
1659.000000	1.438361
1660.000000	1.438358
1661.000000	1.438356
1662.000000	1.438353
1663.000000	1.438351
1664.000000	1.438348
1665.000000	1.438346
1666.000000	1.438343
1667.000000	1.438341
1668.000000	1.438339
1669.000000	1.438336
1670.000000	1.438334
1671.000000	1.438331
1672.000000	1.438329
1673.000000	1.438326
1674.000000	1.438324
1675.000000	1.438322
1676.000000	1.438319
1677.000000	1.438317
1678.000000	1.438314
1679.000000	1.438312
1680.000000	1.438310
1681.000000	1.438307
1682.000000	1.438305
1683.000000	1.438302
1684.000000	1.438300
1685.000000	1.438298
1686.000000	1.438295
1687.000000	1.438293
1688.000000	1.438291
1689.000000	1.438288
1690.000000	1.438286
1691.000000	1.438284
1692.000000	1.438281
1693.000000	1.438279
1694.000000	1.438277
1695.000000	1.438274
1696.000000	1.438272
1697.000000	1.438270
1698.000000	1.438267
1699.000000	1.438265
1700.000000	1.438263
1701.000000	1.438260
1702.000000	1.438258
1703.000000	1.438256
1704.000000	1.438254
1705.000000	1.438251
1706.000000	1.438249
1707.000000	1.438247
1708.000000	1.438245
1709.000000	1.438242
1710.000000	1.438240
1711.000000	1.438238
1712.000000	1.438235
1713.000000	1.438233
1714.000000	1.438231
1715.000000	1.438229
1716.000000	1.438226
1717.000000	1.438224
1718.000000	1.438222
1719.000000	1.438220
1720.000000	1.438218
1721.000000	1.438215
1722.000000	1.438213
1723.000000	1.438211
1724.000000	1.438209
1725.000000	1.438207
1726.000000	1.438204
1727.000000	1.438202
1728.000000	1.438200
1729.000000	1.438198
1730.000000	1.438196
1731.000000	1.438193
1732.000000	1.438191
1733.000000	1.438189
1734.000000	1.438187
1735.000000	1.438185
1736.000000	1.438183
1737.000000	1.438180
1738.000000	1.438178
1739.000000	1.438176
1740.000000	1.438174
1741.000000	1.438172
1742.000000	1.438170
1743.000000	1.438168
1744.000000	1.438165
1745.000000	1.438163
1746.000000	1.438161
1747.000000	1.438159
1748.000000	1.438157
1749.000000	1.438155
1750.000000	1.438153
1751.000000	1.438151
1752.000000	1.438148
1753.000000	1.438146
1754.000000	1.438144
1755.000000	1.438142
1756.000000	1.438140
1757.000000	1.438138
1758.000000	1.438136
1759.000000	1.438134
1760.000000	1.438132
1761.000000	1.438130
1762.000000	1.438128
1763.000000	1.438126
1764.000000	1.438124
1765.000000	1.438121
1766.000000	1.438119
1767.000000	1.438117
1768.000000	1.438115
1769.000000	1.438113
1770.000000	1.438111
1771.000000	1.438109
1772.000000	1.438107
1773.000000	1.438105
1774.000000	1.438103
1775.000000	1.438101
1776.000000	1.438099
1777.000000	1.438097
1778.000000	1.438095
1779.000000	1.438093
1780.000000	1.438091
1781.000000	1.438089
1782.000000	1.438087
1783.000000	1.438085
1784.000000	1.438083
1785.000000	1.438081
1786.000000	1.438079
1787.000000	1.438077
1788.000000	1.438075
1789.000000	1.438073
1790.000000	1.438071
1791.000000	1.438069
1792.000000	1.438067
1793.000000	1.438065
1794.000000	1.438063
1795.000000	1.438061
1796.000000	1.438059
1797.000000	1.438057
1798.000000	1.438056
1799.000000	1.438054
1800.000000	1.438052
1801.000000	1.438050
1802.000000	1.438048
1803.000000	1.438046
1804.000000	1.438044
1805.000000	1.438042
1806.000000	1.438040
1807.000000	1.438038
1808.000000	1.438036
1809.000000	1.438034
1810.000000	1.438032
1811.000000	1.438031
1812.000000	1.438029
1813.000000	1.438027
1814.000000	1.438025
1815.000000	1.438023
1816.000000	1.438021
1817.000000	1.438019
1818.000000	1.438017
1819.000000	1.438015
1820.000000	1.438014
1821.000000	1.438012
1822.000000	1.438010
1823.000000	1.438008
1824.000000	1.438006
1825.000000	1.438004
1826.000000	1.438002
1827.000000	1.438001
1828.000000	1.437999
1829.000000	1.437997
1830.000000	1.437995
1831.000000	1.437993
1832.000000	1.437991
1833.000000	1.437990
1834.000000	1.437988
1835.000000	1.437986
1836.000000	1.437984
1837.000000	1.437982
1838.000000	1.437980
1839.000000	1.437979
1840.000000	1.437977
1841.000000	1.437975
1842.000000	1.437973
1843.000000	1.437971
1844.000000	1.437970
1845.000000	1.437968
1846.000000	1.437966
1847.000000	1.437964
1848.000000	1.437962
1849.000000	1.437961
1850.000000	1.437959
1851.000000	1.437957
1852.000000	1.437955
1853.000000	1.437953
1854.000000	1.437952
1855.000000	1.437950
1856.000000	1.437948
1857.000000	1.437946
1858.000000	1.437945
1859.000000	1.437943
1860.000000	1.437941
1861.000000	1.437939
1862.000000	1.437938
1863.000000	1.437936
1864.000000	1.437934
1865.000000	1.437932
1866.000000	1.437931
1867.000000	1.437929
1868.000000	1.437927
1869.000000	1.437925
1870.000000	1.437924
1871.000000	1.437922
1872.000000	1.437920
1873.000000	1.437919
1874.000000	1.437917
1875.000000	1.437915
1876.000000	1.437913
1877.000000	1.437912
1878.000000	1.437910
1879.000000	1.437908
1880.000000	1.437907
1881.000000	1.437905
1882.000000	1.437903
1883.000000	1.437901
1884.000000	1.437900
1885.000000	1.437898
1886.000000	1.437896
1887.000000	1.437895
1888.000000	1.437893
1889.000000	1.437891
1890.000000	1.437890
1891.000000	1.437888
1892.000000	1.437886
1893.000000	1.437885
1894.000000	1.437883
1895.000000	1.437881
1896.000000	1.437880
1897.000000	1.437878
1898.000000	1.437876
1899.000000	1.437875
1900.000000	1.437873
1901.000000	1.437871
1902.000000	1.437870
1903.000000	1.437868
1904.000000	1.437867
1905.000000	1.437865
1906.000000	1.437863
1907.000000	1.437862
1908.000000	1.437860
1909.000000	1.437858
1910.000000	1.437857
1911.000000	1.437855
1912.000000	1.437854
1913.000000	1.437852
1914.000000	1.437850
1915.000000	1.437849
1916.000000	1.437847
1917.000000	1.437846
1918.000000	1.437844
1919.000000	1.437842
1920.000000	1.437841
1921.000000	1.437839
1922.000000	1.437838
1923.000000	1.437836
1924.000000	1.437834
1925.000000	1.437833
1926.000000	1.437831
1927.000000	1.437830
1928.000000	1.437828
1929.000000	1.437827
1930.000000	1.437825
1931.000000	1.437823
1932.000000	1.437822
1933.000000	1.437820
1934.000000	1.437819
1935.000000	1.437817
1936.000000	1.437816
1937.000000	1.437814
1938.000000	1.437812
1939.000000	1.437811
1940.000000	1.437809
1941.000000	1.437808
1942.000000	1.437806
1943.000000	1.437805
1944.000000	1.437803
1945.000000	1.437802
1946.000000	1.437800
1947.000000	1.437799
1948.000000	1.437797
1949.000000	1.437796
1950.000000	1.437794
1951.000000	1.437793
1952.000000	1.437791
1953.000000	1.437789
1954.000000	1.437788
1955.000000	1.437786
1956.000000	1.437785
1957.000000	1.437783
1958.000000	1.437782
1959.000000	1.437780
1960.000000	1.437779
1961.000000	1.437777
1962.000000	1.437776
1963.000000	1.437774
1964.000000	1.437773
1965.000000	1.437771
1966.000000	1.437770
1967.000000	1.437769
1968.000000	1.437767
1969.000000	1.437766
1970.000000	1.437764
1971.000000	1.437763
1972.000000	1.437761
1973.000000	1.437760
1974.000000	1.437758
1975.000000	1.437757
1976.000000	1.437755
1977.000000	1.437754
1978.000000	1.437752
1979.000000	1.437751
1980.000000	1.437749
1981.000000	1.437748
1982.000000	1.437747
1983.000000	1.437745
1984.000000	1.437744
1985.000000	1.437742
1986.000000	1.437741
1987.000000	1.437739
1988.000000	1.437738
1989.000000	1.437736
1990.000000	1.437735
1991.000000	1.437734
1992.000000	1.437732
1993.000000	1.437731
1994.000000	1.437729
1995.000000	1.437728
1996.000000	1.437726
1997.000000	1.437725
1998.000000	1.437724
1999.000000	1.437722
2000.000000	1.437721
