300.000000	1.500309+0.000132j
301.000000	1.500056+0.000131j
302.000000	1.499805+0.000129j
303.000000	1.499557+0.000128j
304.000000	1.499312+0.000126j
305.000000	1.499069+0.000125j
306.000000	1.498829+0.000124j
307.000000	1.498591+0.000122j
308.000000	1.498356+0.000121j
309.000000	1.498123+0.000119j
310.000000	1.497893+0.000118j
311.000000	1.497665+0.000117j
312.000000	1.497440+0.000116j
313.000000	1.497217+0.000114j
314.000000	1.496996+0.000113j
315.000000	1.496778+0.000112j
316.000000	1.496562+0.000111j
317.000000	1.496348+0.000110j
318.000000	1.496137+0.000109j
319.000000	1.495927+0.000108j
320.000000	1.495720+0.000107j
321.000000	1.495515+0.000106j
322.000000	1.495312+0.000105j
323.000000	1.495111+0.000104j
324.000000	1.494912+0.000103j
325.000000	1.494715+0.000102j
326.000000	1.494520+0.000082j
327.000000	1.494327+0.000061j
328.000000	1.494136+0.000041j
329.000000	1.493946+0.000020j
330.000000	1.493759
331.000000	1.493573
332.000000	1.493390
333.000000	1.493208
334.000000	1.493028
335.000000	1.492849
336.000000	1.492672
337.000000	1.492497
338.000000	1.492323
339.000000	1.492151
340.000000	1.491981
341.000000	1.491812
342.000000	1.491645
343.000000	1.491479
344.000000	1.491315
345.000000	1.491152
346.000000	1.490991
347.000000	1.490831
348.000000	1.490673
349.000000	1.490516
350.000000	1.490361
351.000000	1.490207
352.000000	1.490055
353.000000	1.489903
354.000000	1.489753
355.000000	1.489605
356.000000	1.489458
357.000000	1.489312
358.000000	1.489168
359.000000	1.489024
360.000000	1.488882
361.000000	1.488741
362.000000	1.488601
363.000000	1.488462
364.000000	1.488325
365.000000	1.488189
366.000000	1.488054
367.000000	1.487921
368.000000	1.487788
369.000000	1.487657
370.000000	1.487527
371.000000	1.487398
372.000000	1.487270
373.000000	1.487142
374.000000	1.487016
375.000000	1.486891
376.000000	1.486767
377.000000	1.486644
378.000000	1.486522
379.000000	1.486402
380.000000	1.486282
381.000000	1.486163
382.000000	1.486046
383.000000	1.485929
384.000000	1.485813
385.000000	1.485698
386.000000	1.485584
387.000000	1.485471
388.000000	1.485359
389.000000	1.485247
390.000000	1.485137
391.000000	1.485027
392.000000	1.484919
393.000000	1.484811
394.000000	1.484704
395.000000	1.484598
396.000000	1.484493
397.000000	1.484388
398.000000	1.484285
399.000000	1.484182
400.000000	1.484080
401.000000	1.483979
402.000000	1.483879
403.000000	1.483779
404.000000	1.483680
405.000000	1.483582
406.000000	1.483485
407.000000	1.483388
408.000000	1.483292
409.000000	1.483197
410.000000	1.483102
411.000000	1.483008
412.000000	1.482915
413.000000	1.482823
414.000000	1.482732
415.000000	1.482641
416.000000	1.482551
417.000000	1.482462
418.000000	1.482373
419.000000	1.482285
420.000000	1.482197
421.000000	1.482110
422.000000	1.482023
423.000000	1.481938
424.000000	1.481852
425.000000	1.481768
426.000000	1.481684
427.000000	1.481601
428.000000	1.481519
429.000000	1.481437
430.000000	1.481356
431.000000	1.481275
432.000000	1.481195
433.000000	1.481116
434.000000	1.481037
435.000000	1.480958
436.000000	1.480880
437.000000	1.480802
438.000000	1.480725
439.000000	1.480649
440.000000	1.480573
441.000000	1.480498
442.000000	1.480423
443.000000	1.480349
444.000000	1.480276
445.000000	1.480203
446.000000	1.480130
447.000000	1.480058
448.000000	1.479986
449.000000	1.479915
450.000000	1.479844
451.000000	1.479774
452.000000	1.479704
453.000000	1.479635
454.000000	1.479566
455.000000	1.479498
456.000000	1.479430
457.000000	1.479363
458.000000	1.479296
459.000000	1.479230
460.000000	1.479164
461.000000	1.479099
462.000000	1.479034
463.000000	1.478969
464.000000	1.478905
465.000000	1.478841
466.000000	1.478778
467.000000	1.478715
468.000000	1.478652
469.000000	1.478590
470.000000	1.478528
471.000000	1.478467
472.000000	1.478406
473.000000	1.478345
474.000000	1.478285
475.000000	1.478225
476.000000	1.478166
477.000000	1.478107
478.000000	1.478048
479.000000	1.477990
480.000000	1.477932
481.000000	1.477875
482.000000	1.477818
483.000000	1.477761
484.000000	1.477705
485.000000	1.477649
486.000000	1.477593
487.000000	1.477538
488.000000	1.477483
489.000000	1.477428
490.000000	1.477374
491.000000	1.477320
492.000000	1.477266
493.000000	1.477213
494.000000	1.477160
495.000000	1.477107
496.000000	1.477055
497.000000	1.477003
498.000000	1.476951
499.000000	1.476900
500.000000	1.476849
501.000000	1.476798
502.000000	1.476748
503.000000	1.476698
504.000000	1.476648
505.000000	1.476599
506.000000	1.476550
507.000000	1.476501
508.000000	1.476452
509.000000	1.476404
510.000000	1.476356
511.000000	1.476308
512.000000	1.476261
513.000000	1.476214
514.000000	1.476167
515.000000	1.476121
516.000000	1.476075
517.000000	1.476029
518.000000	1.475983
519.000000	1.475937
520.000000	1.475892
521.000000	1.475847
522.000000	1.475802
523.000000	1.475758
524.000000	1.475714
525.000000	1.475670
526.000000	1.475627
527.000000	1.475583
528.000000	1.475540
529.000000	1.475498
530.000000	1.475455
531.000000	1.475413
532.000000	1.475370
533.000000	1.475328
534.000000	1.475286
535.000000	1.475245
536.000000	1.475204
537.000000	1.475163
538.000000	1.475122
539.000000	1.475082
540.000000	1.475042
541.000000	1.475002
542.000000	1.474962
543.000000	1.474923
544.000000	1.474883
545.000000	1.474844
546.000000	1.474805
547.000000	1.474767
548.000000	1.474728
549.000000	1.474690
550.000000	1.474652
551.000000	1.474614
552.000000	1.474576
553.000000	1.474539
554.000000	1.474501
555.000000	1.474464
556.000000	1.474427
557.000000	1.474391
558.000000	1.474355
559.000000	1.474319
560.000000	1.474283
561.000000	1.474247
562.000000	1.474212
563.000000	1.474176
564.000000	1.474141
565.000000	1.474106
566.000000	1.474071
567.000000	1.474036
568.000000	1.474002
569.000000	1.473967
570.000000	1.473933
571.000000	1.473899
572.000000	1.473866
573.000000	1.473832
574.000000	1.473799
575.000000	1.473766
576.000000	1.473733
577.000000	1.473700
578.000000	1.473667
579.000000	1.473634
580.000000	1.473602
581.000000	1.473570
582.000000	1.473538
583.000000	1.473506
584.000000	1.473474
585.000000	1.473443
586.000000	1.473412
587.000000	1.473381
588.000000	1.473350
589.000000	1.473319
590.000000	1.473288
591.000000	1.473257
592.000000	1.473227
593.000000	1.473197
594.000000	1.473167
595.000000	1.473137
596.000000	1.473107
597.000000	1.473078
598.000000	1.473048
599.000000	1.473019
600.000000	1.472990
601.000000	1.472961
602.000000	1.472932
603.000000	1.472904
604.000000	1.472875
605.000000	1.472847
606.000000	1.472819
607.000000	1.472791
608.000000	1.472763
609.000000	1.472735
610.000000	1.472707
611.000000	1.472679
612.000000	1.472652
613.000000	1.472624
614.000000	1.472597
615.000000	1.472570
616.000000	1.472543
617.000000	1.472516
618.000000	1.472490
619.000000	1.472463
620.000000	1.472437
621.000000	1.472411
622.000000	1.472385
623.000000	1.472359
624.000000	1.472333
625.000000	1.472307
626.000000	1.472282
627.000000	1.472256
628.000000	1.472231
629.000000	1.472206
630.000000	1.472181
631.000000	1.472156
632.000000	1.472131
633.000000	1.472106
634.000000	1.472082
635.000000	1.472057
636.000000	1.472033
637.000000	1.472008
638.000000	1.471984
639.000000	1.471960
640.000000	1.471936
641.000000	1.471912
642.000000	1.471888
643.000000	1.471865
644.000000	1.471841
645.000000	1.471818
646.000000	1.471795
647.000000	1.471772
648.000000	1.471749
649.000000	1.471726
650.000000	1.471703
651.000000	1.471680
652.000000	1.471658
653.000000	1.471636
654.000000	1.471613
655.000000	1.471591
656.000000	1.471569
657.000000	1.471547
658.000000	1.471525
659.000000	1.471503
660.000000	1.471481
661.000000	1.471459
662.000000	1.471438
663.000000	1.471416
664.000000	1.471394
665.000000	1.471373
666.000000	1.471352
667.000000	1.471331
668.000000	1.471310
669.000000	1.471289
670.000000	1.471268
671.000000	1.471247
672.000000	1.471227
673.000000	1.471207
674.000000	1.471186
675.000000	1.471166
676.000000	1.471146
677.000000	1.471125
678.000000	1.471105
679.000000	1.471085
680.000000	1.471065
681.000000	1.471045
682.000000	1.471025
683.000000	1.471006
684.000000	1.470986
685.000000	1.470967
686.000000	1.470948
687.000000	1.470928
688.000000	1.470909
689.000000	1.470890
690.000000	1.470871
691.000000	1.470852
692.000000	1.470834
693.000000	1.470815
694.000000	1.470796
695.000000	1.470778
696.000000	1.470760
697.000000	1.470741
698.000000	1.470723
699.000000	1.470704
700.000000	1.470686
701.000000	1.470668
702.000000	1.470650
703.000000	1.470632
704.000000	1.470614
705.000000	1.470596
706.000000	1.470578
707.000000	1.470561
708.000000	1.470543
709.000000	1.470525
710.000000	1.470508
711.000000	1.470491
712.000000	1.470473
713.000000	1.470456
714.000000	1.470439
715.000000	1.470422
716.000000	1.470405
717.000000	1.470388
718.000000	1.470371
719.000000	1.470355
720.000000	1.470338
721.000000	1.470321
722.000000	1.470305
723.000000	1.470288
724.000000	1.470271
725.000000	1.470255
726.000000	1.470239
727.000000	1.470222
728.000000	1.470206
729.000000	1.470190
730.000000	1.470174
731.000000	1.470158
732.000000	1.470142
733.000000	1.470126
734.000000	1.470111
735.000000	1.470095
736.000000	1.470079
737.000000	1.470064
738.000000	1.470049
739.000000	1.470033
740.000000	1.470018
741.000000	1.470003
742.000000	1.469988
743.000000	1.469972
744.000000	1.469957
745.000000	1.469942
746.000000	1.469927
747.000000	1.469912
748.000000	1.469897
749.000000	1.469882
750.000000	1.469867
751.000000	1.469852
752.000000	1.469838
753.000000	1.469823
754.000000	1.469808
755.000000	1.469794
756.000000	1.469780
757.000000	1.469765
758.000000	1.469751
759.000000	1.469737
760.000000	1.469723
761.000000	1.469709
762.000000	1.469695
763.000000	1.469681
764.000000	1.469667
765.000000	1.469653
766.000000	1.469639
767.000000	1.469625
768.000000	1.469611
769.000000	1.469598
770.000000	1.469584
771.000000	1.469570
772.000000	1.469557
773.000000	1.469544
774.000000	1.469530
775.000000	1.469517
776.000000	1.469504
777.000000	1.469491
778.000000	1.469477
779.000000	1.469464
780.000000	1.469451
781.000000	1.469438
782.000000	1.469425
783.000000	1.469412
784.000000	1.469399
785.000000	1.469386
786.000000	1.469373
787.000000	1.469361
788.000000	1.469348
789.000000	1.469336
790.000000	1.469323
791.000000	1.469310
792.000000	1.469298
793.000000	1.469285
794.000000	1.469272
795.000000	1.469260
796.000000	1.469248
797.000000	1.469235
798.000000	1.469223
799.000000	1.469211
800.000000	1.469199
801.000000	1.469187
802.000000	1.469175
803.000000	1.469163
804.000000	1.469151
805.000000	1.469139
806.000000	1.469127
807.000000	1.469115
808.000000	1.469103
809.000000	1.469092
810.000000	1.469080
811.000000	1.469068
812.000000	1.469057
813.000000	1.469046
814.000000	1.469034
815.000000	1.469023
816.000000	1.469012
817.000000	1.469000
818.000000	1.468989
819.000000	1.468977
820.000000	1.468966
821.000000	1.468955
822.000000	1.468943
823.000000	1.468932
824.000000	1.468921
825.000000	1.468910
826.000000	1.468899
827.000000	1.468888
828.000000	1.468877
829.000000	1.468866
830.000000	1.468855
831.000000	1.468844
832.000000	1.468834
833.000000	1.468823
834.000000	1.468813
835.000000	1.468802
836.000000	1.468791
837.000000	1.468781
838.000000	1.468770
839.000000	1.468760
840.000000	1.468749
841.000000	1.468738
842.000000	1.468728
843.000000	1.468718
844.000000	1.468707
845.000000	1.468697
846.000000	1.468687
847.000000	1.468677
848.000000	1.468666
849.000000	1.468656
850.000000	1.468646
