300.000000	1.409507
301.000000	1.409162
302.000000	1.408821
303.000000	1.408484
304.000000	1.408152
305.000000	1.407823
306.000000	1.407499
307.000000	1.407179
308.000000	1.406863
309.000000	1.406550
310.000000	1.406242
311.000000	1.405937
312.000000	1.405636
313.000000	1.405338
314.000000	1.405044
315.000000	1.404753
316.000000	1.404466
317.000000	1.404183
318.000000	1.403902
319.000000	1.403625
320.000000	1.403351
321.000000	1.403081
322.000000	1.402813
323.000000	1.402548
324.000000	1.402287
325.000000	1.402028
326.000000	1.401772
327.000000	1.401520
328.000000	1.401270
329.000000	1.401022
330.000000	1.400778
331.000000	1.400536
332.000000	1.400297
333.000000	1.400060
334.000000	1.399826
335.000000	1.399595
336.000000	1.399366
337.000000	1.399140
338.000000	1.398915
339.000000	1.398694
340.000000	1.398474
341.000000	1.398257
342.000000	1.398042
343.000000	1.397830
344.000000	1.397620
345.000000	1.397411
346.000000	1.397205
347.000000	1.397001
348.000000	1.396800
349.000000	1.396600
350.000000	1.396402
351.000000	1.396206
352.000000	1.396013
353.000000	1.395821
354.000000	1.395631
355.000000	1.395443
356.000000	1.395256
357.000000	1.395072
358.000000	1.394889
359.000000	1.394709
360.000000	1.394530
361.000000	1.394352
362.000000	1.394177
363.000000	1.394003
364.000000	1.393830
365.000000	1.393660
366.000000	1.393491
367.000000	1.393323
368.000000	1.393158
369.000000	1.392993
370.000000	1.392831
371.000000	1.392669
372.000000	1.392510
373.000000	1.392351
374.000000	1.392195
375.000000	1.392039
376.000000	1.391885
377.000000	1.391733
378.000000	1.391582
379.000000	1.391432
380.000000	1.391283
381.000000	1.391136
382.000000	1.390990
383.000000	1.390846
384.000000	1.390703
385.000000	1.390561
386.000000	1.390420
387.000000	1.390281
388.000000	1.390142
389.000000	1.390005
390.000000	1.389869
391.000000	1.389735
392.000000	1.389601
393.000000	1.389469
394.000000	1.389338
395.000000	1.389207
396.000000	1.389078
397.000000	1.388951
398.000000	1.388824
399.000000	1.388698
400.000000	1.388573
401.000000	1.388450
402.000000	1.388327
403.000000	1.388205
404.000000	1.388085
405.000000	1.387965
406.000000	1.387846
407.000000	1.387729
408.000000	1.387612
409.000000	1.387496
410.000000	1.387381
411.000000	1.387268
412.000000	1.387155
413.000000	1.387043
414.000000	1.386931
415.000000	1.386821
416.000000	1.386712
417.000000	1.386603
418.000000	1.386496
419.000000	1.386389
420.000000	1.386283
421.000000	1.386178
422.000000	1.386073
423.000000	1.385970
424.000000	1.385867
425.000000	1.385765
426.000000	1.385664
427.000000	1.385564
428.000000	1.385464
429.000000	1.385365
430.000000	1.385267
431.000000	1.385170
432.000000	1.385073
433.000000	1.384978
434.000000	1.384883
435.000000	1.384788
436.000000	1.384694
437.000000	1.384601
438.000000	1.384509
439.000000	1.384418
440.000000	1.384327
441.000000	1.384236
442.000000	1.384147
443.000000	1.384058
444.000000	1.383970
445.000000	1.383882
446.000000	1.383795
447.000000	1.383709
448.000000	1.383623
449.000000	1.383538
450.000000	1.383453
451.000000	1.383369
452.000000	1.383286
453.000000	1.383203
454.000000	1.383121
455.000000	1.383040
456.000000	1.382959
457.000000	1.382878
458.000000	1.382799
459.000000	1.382719
460.000000	1.382641
461.000000	1.382562
462.000000	1.382485
463.000000	1.382408
464.000000	1.382331
465.000000	1.382255
466.000000	1.382180
467.000000	1.382105
468.000000	1.382030
469.000000	1.381957
470.000000	1.381883
471.000000	1.381810
472.000000	1.381738
473.000000	1.381666
474.000000	1.381594
475.000000	1.381523
476.000000	1.381453
477.000000	1.381383
478.000000	1.381313
479.000000	1.381244
480.000000	1.381176
481.000000	1.381108
482.000000	1.381040
483.000000	1.380973
484.000000	1.380906
485.000000	1.380839
486.000000	1.380774
487.000000	1.380708
488.000000	1.380643
489.000000	1.380578
490.000000	1.380514
491.000000	1.380450
492.000000	1.380387
493.000000	1.380324
494.000000	1.380261
495.000000	1.380199
496.000000	1.380137
497.000000	1.380076
498.000000	1.380015
499.000000	1.379954
500.000000	1.379894
501.000000	1.379834
502.000000	1.379775
503.000000	1.379716
504.000000	1.379657
505.000000	1.379599
506.000000	1.379541
507.000000	1.379483
508.000000	1.379426
509.000000	1.379369
510.000000	1.379312
511.000000	1.379256
512.000000	1.379200
513.000000	1.379145
514.000000	1.379089
515.000000	1.379035
516.000000	1.378980
517.000000	1.378926
518.000000	1.378872
519.000000	1.378819
520.000000	1.378765
521.000000	1.378713
522.000000	1.378660
523.000000	1.378608
524.000000	1.378556
525.000000	1.378504
526.000000	1.378453
527.000000	1.378402
528.000000	1.378351
529.000000	1.378301
530.000000	1.378251
531.000000	1.378201
532.000000	1.378151
533.000000	1.378102
534.000000	1.378053
535.000000	1.378005
536.000000	1.377956
537.000000	1.377908
538.000000	1.377861
539.000000	1.377813
540.000000	1.377766
541.000000	1.377719
542.000000	1.377672
543.000000	1.377626
544.000000	1.377580
545.000000	1.377534
546.000000	1.377488
547.000000	1.377443
548.000000	1.377398
549.000000	1.377353
550.000000	1.377308
551.000000	1.377264
552.000000	1.377220
553.000000	1.377176
554.000000	1.377132
555.000000	1.377089
556.000000	1.377046
557.000000	1.377003
558.000000	1.376961
559.000000	1.376918
560.000000	1.376876
561.000000	1.376834
562.000000	1.376793
563.000000	1.376751
564.000000	1.376710
565.000000	1.376669
566.000000	1.376628
567.000000	1.376588
568.000000	1.376547
569.000000	1.376507
570.000000	1.376467
571.000000	1.376428
572.000000	1.376388
573.000000	1.376349
574.000000	1.376310
575.000000	1.376271
576.000000	1.376233
577.000000	1.376194
578.000000	1.376156
579.000000	1.376118
580.000000	1.376080
581.000000	1.376043
582.000000	1.376005
583.000000	1.375968
584.000000	1.375931
585.000000	1.375894
586.000000	1.375858
587.000000	1.375822
588.000000	1.375785
589.000000	1.375749
590.000000	1.375714
591.000000	1.375678
592.000000	1.375642
593.000000	1.375607
594.000000	1.375572
595.000000	1.375537
596.000000	1.375503
597.000000	1.375468
598.000000	1.375434
599.000000	1.375400
600.000000	1.375366
601.000000	1.375332
602.000000	1.375298
603.000000	1.375265
604.000000	1.375231
605.000000	1.375198
606.000000	1.375165
607.000000	1.375132
608.000000	1.375100
609.000000	1.375067
610.000000	1.375035
611.000000	1.375003
612.000000	1.374971
613.000000	1.374939
614.000000	1.374908
615.000000	1.374876
616.000000	1.374845
617.000000	1.374814
618.000000	1.374783
619.000000	1.374752
620.000000	1.374721
621.000000	1.374690
622.000000	1.374660
623.000000	1.374630
624.000000	1.374600
625.000000	1.374570
626.000000	1.374540
627.000000	1.374510
628.000000	1.374481
629.000000	1.374451
630.000000	1.374422
631.000000	1.374393
632.000000	1.374364
633.000000	1.374335
634.000000	1.374307
635.000000	1.374278
636.000000	1.374250
637.000000	1.374222
638.000000	1.374193
639.000000	1.374165
640.000000	1.374138
641.000000	1.374110
642.000000	1.374082
643.000000	1.374055
644.000000	1.374028
645.000000	1.374000
646.000000	1.373973
647.000000	1.373946
648.000000	1.373920
649.000000	1.373893
650.000000	1.373866
651.000000	1.373840
652.000000	1.373814
653.000000	1.373788
654.000000	1.373762
655.000000	1.373736
656.000000	1.373710
657.000000	1.373684
658.000000	1.373659
659.000000	1.373633
660.000000	1.373608
661.000000	1.373583
662.000000	1.373558
663.000000	1.373533
664.000000	1.373508
665.000000	1.373483
666.000000	1.373458
667.000000	1.373434
668.000000	1.373409
669.000000	1.373385
670.000000	1.373361
671.000000	1.373337
672.000000	1.373313
673.000000	1.373289
674.000000	1.373265
675.000000	1.373242
676.000000	1.373218
677.000000	1.373195
678.000000	1.373172
679.000000	1.373148
680.000000	1.373125
681.000000	1.373102
682.000000	1.373079
683.000000	1.373057
684.000000	1.373034
685.000000	1.373011
686.000000	1.372989
687.000000	1.372966
688.000000	1.372944
689.000000	1.372922
690.000000	1.372900
691.000000	1.372878
692.000000	1.372856
693.000000	1.372834
694.000000	1.372812
695.000000	1.372791
696.000000	1.372769
697.000000	1.372748
698.000000	1.372727
699.000000	1.372705
700.000000	1.372684
701.000000	1.372663
702.000000	1.372642
703.000000	1.372621
704.000000	1.372601
705.000000	1.372580
706.000000	1.372559
707.000000	1.372539
708.000000	1.372518
709.000000	1.372498
710.000000	1.372478
711.000000	1.372458
712.000000	1.372438
713.000000	1.372418
714.000000	1.372398
715.000000	1.372378
716.000000	1.372358
717.000000	1.372339
718.000000	1.372319
719.000000	1.372300
720.000000	1.372280
721.000000	1.372261
722.000000	1.372242
723.000000	1.372223
724.000000	1.372204
725.000000	1.372185
726.000000	1.372166
727.000000	1.372147
728.000000	1.372128
729.000000	1.372109
730.000000	1.372091
731.000000	1.372072
732.000000	1.372054
733.000000	1.372036
734.000000	1.372017
735.000000	1.371999
736.000000	1.371981
737.000000	1.371963
738.000000	1.371945
739.000000	1.371927
740.000000	1.371909
741.000000	1.371891
742.000000	1.371874
743.000000	1.371856
744.000000	1.371839
745.000000	1.371821
746.000000	1.371804
747.000000	1.371786
748.000000	1.371769
749.000000	1.371752
750.000000	1.371735
751.000000	1.371718
752.000000	1.371701
753.000000	1.371684
754.000000	1.371667
755.000000	1.371650
756.000000	1.371634
757.000000	1.371617
758.000000	1.371600
759.000000	1.371584
760.000000	1.371567
761.000000	1.371551
762.000000	1.371535
763.000000	1.371519
764.000000	1.371502
765.000000	1.371486
766.000000	1.371470
767.000000	1.371454
768.000000	1.371438
769.000000	1.371423
770.000000	1.371407
771.000000	1.371391
772.000000	1.371375
773.000000	1.371360
774.000000	1.371344
775.000000	1.371329
776.000000	1.371313
777.000000	1.371298
778.000000	1.371283
779.000000	1.371267
780.000000	1.371252
781.000000	1.371237
782.000000	1.371222
783.000000	1.371207
784.000000	1.371192
785.000000	1.371177
786.000000	1.371162
787.000000	1.371148
788.000000	1.371133
789.000000	1.371118
790.000000	1.371104
791.000000	1.371089
792.000000	1.371075
793.000000	1.371060
794.000000	1.371046
795.000000	1.371031
796.000000	1.371017
797.000000	1.371003
798.000000	1.370989
799.000000	1.370975
800.000000	1.370961
801.000000	1.370947
802.000000	1.370933
803.000000	1.370919
804.000000	1.370905
805.000000	1.370891
806.000000	1.370877
807.000000	1.370864
808.000000	1.370850
809.000000	1.370836
810.000000	1.370823
811.000000	1.370809
812.000000	1.370796
813.000000	1.370783
814.000000	1.370769
815.000000	1.370756
816.000000	1.370743
817.000000	1.370730
818.000000	1.370716
819.000000	1.370703
820.000000	1.370690
821.000000	1.370677
822.000000	1.370664
823.000000	1.370651
824.000000	1.370639
825.000000	1.370626
826.000000	1.370613
827.000000	1.370600
828.000000	1.370588
829.000000	1.370575
830.000000	1.370563
831.000000	1.370550
832.000000	1.370538
833.000000	1.370525
834.000000	1.370513
835.000000	1.370500
836.000000	1.370488
837.000000	1.370476
838.000000	1.370464
839.000000	1.370451
840.000000	1.370439
841.000000	1.370427
842.000000	1.370415
843.000000	1.370403
844.000000	1.370391
845.000000	1.370379
846.000000	1.370368
847.000000	1.370356
848.000000	1.370344
849.000000	1.370332
850.000000	1.370321
