# temp / K, relative denisty
298 1.000
297 1.0029
296 1.006
295 1.0089
294 1.0115
293 1.0137
292 1.0155
291 1.0172
290 1.0188
289 1.0202
288 1.0216
287 1.0229
286 1.0242
285 1.0256
284 1.0269
283 1.0284
282 1.0299
281 1.0315
280 1.033
279 1.0345
278 1.0361
277 1.0377
276 1.0392
275 1.0408
274 1.0424
273 1.044
272 1.0455
271 1.0471
270 1.0487
269 1.0503
268 1.052
267 1.0536
266 1.0552
265 1.0569
264 1.0586
263 1.0603
262 1.062
261 1.0638
260 1.0656
259 1.0674
258 1.0692
257 1.071
256 1.0729
255 1.0747
254 1.0765
253 1.0783
252 1.08
251 1.0818
250 1.0836
249 1.0854
248 1.0871
247 1.0889
246 1.0906
245 1.0924
244 1.0941
243 1.0959
242 1.0976
241 1.0993
240 1.101
239 1.1027
238 1.1043
237 1.106
236 1.1077
235 1.1094
234 1.1111
233 1.1129
232 1.1147
231 1.1165
230 1.1183
229 1.1201
228 1.1219
227 1.1237
226 1.1256
225 1.1274
224 1.1292
223 1.131
222 1.1328
221 1.1345
220 1.1363
219 1.1381
218 1.1398
217 1.1416
216 1.1434
215 1.1451
214 1.1469
213 1.1486
212 1.1504
211 1.1522
210 1.154
209 1.1557
208 1.1575
207 1.1593
206 1.161
205 1.1627
204 1.1644
203 1.1661
202 1.1676
201 1.1692
200 1.1707
199 1.1722
198 1.1736
197 1.1751
196 1.1766
195 1.1781
194 1.1797
193 1.1813
192 1.183
191 1.1847
190 1.1864
189 1.1882
188 1.19
187 1.1919
186 1.1937
185 1.1956
184 1.1974
183 1.1993
182 1.2011
181 1.203
180 1.2049
179 1.2067
178 1.2086
177 1.2105
176 1.2124
175 1.2143
174 1.2163
173 1.2182
172 1.2201
171 1.2221
170 1.2241
169 1.2261
168 1.2281
167 1.2301
166 1.2321
165 1.2341
164 1.2361
163 1.2381
162 1.2401
161 1.2421
160 1.2441
159 1.2461
158 1.2481
157 1.2502
156 1.2522
155 1.2542
154 1.2563
153 1.2584
152 1.2605
151 1.2626
150 1.2648
149 1.2669
148 1.2691
147 1.2713
146 1.2735
145 1.2757
144 1.2778
143 1.28
142 1.2822
141 1.2845
140 1.2867
139 1.2889
138 1.2911
137 1.2934
136 1.2956
135 1.2979
134 1.3001
133 1.3023
132 1.3046
131 1.3068
130 1.309
129 1.3112
128 1.3135
127 1.3157
126 1.3179
125 1.3202
124 1.3224
123 1.3247
122 1.3269
121 1.3292
120 1.3315
119 1.3338
118 1.3361
117 1.3384
116 1.3407
115 1.343
114 1.3454
113 1.3477
112 1.35
111 1.3523
110 1.3547
109 1.357
108 1.3594
107 1.3617
106 1.3641
105 1.3664
104 1.3688
103 1.3711
102 1.3735
101 1.3759
100 1.3783
99 1.3806
98 1.383
97 1.3854
96 1.3878
95 1.3902
94 1.3926
93 1.395
92 1.3974
91 1.3999
90 1.4023
89 1.4047
88 1.4071
87 1.4096
86 1.412
85 1.4145
84 1.4169
83 1.4194
